1 -0.645666 0.15 2.63522
2 -0.443469 1.4 3.05375
3 -0.21885 2.05 3.3666
4 -0.46074 1 3.09082
5 -0.420847 1.4 3.53975
6 0.411138 1.1 3.73467
7 0.0109509 1.75 3.48879
8 -1.22112 0 3.70985
9 0.634961 0.3 3.02566
10 0.122286 2.45 3.5514
11 -0.320866 1.45 3.16301
12 0.120025 2.15 3.36417
13 -0.590131 0.35 3.50077
14 0.91699 0.05 2.08578
15 -0.223221 1.95 3.57591
16 0.154378 1.9 3.47334
17 -0.883074 0.25 4.32387
18 1.20071 0 3.18789
19 -0.695523 0.1 3.36927
20 0.451066 1.3 3.22926
21 1.3522 0 4.67983
22 0.239013 1.45 3.52914
23 0.652594 0.5 3.70366
24 0.0899897 2.3 3.52952
25 -0.939067 0.15 3.70958
26 -0.227115 1.85 3.28486
27 0.459526 0.8 3.5458
28 -1.22514 0 4.6948
29 4.78292 0 7.28096
30 0.536638 0.45 3.24496
31 -0.336632 1.55 3.67972
32 -0.366664 1.55 3.28132
33 0.47639 0.75 3.2952
34 -0.934568 0 3.04693
35 0.292054 2.2 3.12366
36 -1.15869 0.05 3.16802
37 2.88976 0 2.00046
38 -1.69313 0 2.58201
39 2.08738 0 5.61147
40 -0.913746 0.05 2.58451
41 1.50924 0 6.05225
42 0.0476883 2.15 3.29286
43 -2.33324 0 1.44996
44 0.30071 1.3 3.60736
45 0.0967623 2 3.51691
46 -1.0846 0.1 3.69753
47 2.53372 0 1.41053
48 0.803527 0 3.08944
49 0.338901 1.45 3.52558
50 1.02382 0.05 4.11203
51 0.271994 1.2 3.20453
52 -0.213407 1.6 3.29609
53 -1.13081 0 2.67645
54 2.01901 0 5.08782
55 1.41187 0 7.98015
56 1.12597 0 2.09883
57 1.53345 0 4.34259
58 0.115925 2.9 3.24593
59 -2.88087 0 2.19983
60 -2.09915 0 2.61468
61 -1.07397 0 2.62879
62 -0.148757 2.75 3.465
63 -0.502881 1.1 3.13477
64 -0.47952 0.8 3.94501
65 0.158706 1.5 3.39986
66 1.46731 0 3.07362
67 0.136323 2.4 3.19117
68 -0.485024 1.05 2.94682
69 -0.517155 0.8 3.34052
70 2.18172 0 4.3469
71 -3.95536 0 6.93248
72 -0.361886 1.45 3.50032
73 -0.451774 0.8 3.36211
74 -1.19994 0 3.47102
75 -0.359454 1.2 3.49743
76 1.69213 0 4.57459
77 -1.55951 0 3.72007
78 0.312168 1.55 3.43092
79 2.24316 0 2.35784
80 -1.08394 0 2.42971
81 2.81266 0 4.93142
82 -0.135383 2 3.16855
83 -0.50672 0.95 3.27025
84 1.38606 0 7.79415
85 -1.66268 0 2.46477
86 0.258989 2.2 3.40646
87 1.40846 0 2.19707
88 -0.939194 0.05 3.80126
89 -0.00661194 2.4 3.37021
90 1.08406 0.1 3.01077
91 1.22764 0 2.63605
92 -3.01667 0 2.87399
93 -1.84517 0 2.03305
94 1.36204 0 3.96783
95 -2.41597 0 0.546198
96 -0.882132 0.05 2.9644
97 -0.314172 1.4 3.41727
98 -1.21364 0 4.55527
99 3.55952 0 5.74999
100 0.0121482 1.85 3.30668
101 0.600169 0.65 3.46476
102 -3.02151 0 1.30293
103 -0.0158004 2.55 3.36348
104 2.95153 0 6.34825
105 -0.131535 2.2 3.59388
106 0.104046 2.1 3.13735
107 2.11427 0 5.48322
108 0.446177 0.75 3.29944
109 -1.42079 0 4.34212
110 -1.43374 0 5.60635
111 1.59223 0 3.83362
112 0.531846 0.75 3.64171
113 0.196834 1.9 3.20982
114 -0.0134047 2 3.19476
115 1.15359 0 4.21329
116 -1.29366 0 6.91962
117 -2.06295 0 0.478391
118 -1.85097 0 0.926053
119 -0.876288 0 3.66325
120 0.619833 0.4 3.07139
121 -0.861372 0.15 3.15277
122 0.57916 0.4 3.61568
123 -0.50173 1.05 4.01683
124 2.47622 0 6.19355
125 -0.847237 0.05 2.61623
126 -1.26923 0 2.40502
127 3.71943 0 4.71964
128 -0.346842 1.4 3.20595
129 -0.359324 0.95 3.31108
130 0.445229 1.15 3.19485
131 1.17575 0 6.02037
132 -1.2381 0 2.71111
133 -1.25781 0 2.59666
134 1.02749 0.05 4.10718
135 2.27434 0 1.94386
136 -1.38385 0 5.32162
137 1.0719 0 2.37595
138 1.60777 0 5.52841
139 0.104387 2.5 3.59867
140 -0.40335 1.25 3.51505
141 -2.00552 0 4.51987
142 -0.232721 1.8 3.48086
143 0.468769 0.85 3.26927
144 0.615039 0.5 3.3346
145 -2.40096 0 7.99491
146 1.1113 0 5.95682
147 -0.62572 0.55 3.15131
148 1.99691 0 0.68405
149 -0.171943 2.15 3.47454
150 4.05393 0 3.33771
151 0.64071 0.45 3.36475
152 1.24677 0 1.07057
153 -0.872071 0.1 4.1787
154 -0.651569 0.25 3.34935
155 -0.614538 0.65 3.23886
156 -0.0901994 2.3 3.50819
157 1.32819 0 5.46416
158 1.96109 0 8.08661
159 -2.57072 0 5.04927
160 -0.596764 0.2 3.27289
161 1.45252 0 3.41398
162 -0.265677 1.55 3.34201
163 -2.88365 0 3.73962
164 -2.05283 0 9.60924
165 -0.965989 0 4.47707
166 1.74508 0 1.51488
167 -0.239374 1.95 3.15813
168 -1.06821 0.1 2.66405
169 1.66437 0 4.24217
170 -0.10852 2.2 3.40915
171 -1.17604 0 3.54812
172 0.414691 1.1 3.90202
173 -1.15689 0 3.75842
174 1.115 0.05 2.10308
175 -0.939922 0.1 2.6788
176 -0.564444 0.8 2.97612
177 -0.168067 2.15 3.19027
178 -2.15968 0 3.26006
179 1.00005 0.05 3.25546
180 -1.87269 0 6.07538
181 -1.13695 0 4.47136
182 2.60175 0 5.09997
183 -2.04119 0 2.87224
184 0.848274 0.1 3.00089
185 -3.95518 0 3.1
186 2.40984 0 8.48191
187 0.35833 1.25 3.41033
188 -0.599212 0.75 3.71728
189 1.72237 0 0.394675
190 0.279452 1.8 3.17711
191 -0.539137 0.65 3.34215
192 -1.51746 0 3.07661
193 1.09957 0 2.72009
194 -1.5285 0 3.53882
195 0.933126 0 3.07492
196 -1.63541 0 7.49296
197 -0.650864 0.5 3.53464
198 -2.35319 0 2.58128
199 1.81436 0 5.66808
