5.51658
6.41089
5.35358
5.33053
6.12767
4.57458
5.24608
5.5317
4.83636
5.45624
5.02757
5.54363
4.75403
5.25516
4.87635
5.97286
5.06352
4.91169
5.17462
5.09639
5.24231
5.0053
4.90763
6.18549
4.54869
5.87095
5.76139
5.25131
5.21394
4.9965
5.49195
5.09454
5.1173
5.05297
5.27568
5.36969
5.31886
5.41445
5.90064
5.48243
5.45537
4.92371
4.57785
5.05747
5.35681
5.72122
4.76684
4.68199
4.83307
4.75034
5.41087
4.91244
5.24134
5.22217
5.07602
5.30098
5.27751
4.76076
4.93633
6.03984
5.54874
4.65683
5.62023
5.28259
5.4006
5.28637
4.57163
5.45651
5.83619
5.73876
4.98626
5.4114
4.80179
5.64501
5.12589
5.61329
5.40218
4.76795
5.51466
4.60181
5.39578
4.84705
5.51078
4.50531
5.57834
5.49153
4.83695
5.65061
5.3314
4.87294
5.44811
4.17165
5.22267
5.26354
4.57565
5.1067
4.70994
5.5654
4.91666
5.29091
