0.393334
0.364175
0.0488252
0.675266
0.841286
0.189081
0.862499
0.433447
1.29851
1.15368
1.26106
1.12753
0.0111451
0.398614
0.621421
0.646798
1.13366
0.291917
0.790733
0.153967
-0.0574683
-0.00742624
1.0811
0.42699
0.864594
0.145396
1.15646
1.32295
0.454336
0.966995
0.237528
0.341292
1.41294
1.14792
1.36204
0.425322
0.958011
0.202674
0.968635
0.742607
1.02187
1.01122
0.47828
0.434296
1.15006
0.593623
0.466099
0.38348
1.1189
0.783335
0.7646
0.518235
1.04399
0.623269
0.869294
1.23163
0.925458
0.695334
0.659767
0.370233
0.632389
0.682744
0.024812
0.502196
1.08869
0.344714
0.593265
0.747344
0.621083
1.13327
0.636377
0.384903
0.527319
1.04679
1.24091
0.827448
0.660302
1.32645
0.178032
1.21014
1.6349
0.240731
0.384966
0.876096
1.46317
0.848821
0.626228
0.403681
0.463511
0.223239
0.722139
0.80133
0.592257
0.194861
-0.0374602
0.141323
0.70158
1.52055
0.698267
0.729547
1.20544
0.85947
0.580983
0.318172
0.318153
0.904272
0.695221
1.52082
0.735662
1.11587
0.61763
0.0256795
0.434659
0.675763
0.087644
-0.283781
1.44451
0.669531
0.840716
1.04309
0.619335
0.41443
0.710093
0.79407
0.607167
1.05065
0.410544
0.588612
-0.0919761
0.64741
0.425393
0.666115
0.704574
0.402849
0.588872
0.489095
0.950903
0.974024
1.37377
0.275679
0.545717
0.200506
1.16805
0.754654
1.0523
0.178038
1.15414
0.391882
0.0458685
0.443392
0.804737
-0.427171
0.432494
0.497255
0.410378
1.17675
-0.107522
0.40038
1.06416
0.433959
0.667754
0.792179
-0.385854
0.719084
1.065
0.762893
1.01106
0.414996
0.327655
0.270272
1.27293
0.461103
0.538171
0.898256
1.11881
0.726006
0.633893
0.496004
0.48057
0.443258
-0.205226
0.71674
0.739851
0.20724
0.550369
-0.35577
0.465788
0.981179
1.13027
0.706933
0.332641
0.44511
0.558881
0.843685
0.928922
0.444052
0.437004
1.24039
0.472335
0.501574
