-0.254131
-0.322506
-0.0295291
-0.845417
-0.916021
-0.58512
0.215661
-0.566008
-1.0514
-1.00741
0.310435
-0.46432
-0.218523
-0.977194
-0.542657
-0.503803
-0.650528
-1.30422
-0.208473
0.0937633
-0.612029
-0.698503
-0.886406
-0.504036
-0.546693
-0.158869
-0.903493
-0.639333
-0.146226
-0.504146
-0.8243
-0.264137
-0.640169
-0.63654
-0.659151
-0.569667
-0.066978
-0.682537
-1.0696
-1.21824
-0.652634
-1.12471
-0.504633
-0.879175
-0.497012
-1.04919
0.0501037
-0.394387
-0.401243
-0.162631
-0.563222
-0.407967
-0.332169
-0.700264
-0.383344
-0.578979
-1.12678
0.0876419
-0.180426
0.434909
0.0280898
-0.123854
-0.704003
-0.38079
-1.06994
-0.698324
-0.90897
-0.170812
0.242376
-0.437663
-0.883583
-1.24981
-0.45272
-0.188591
-0.37548
-0.261298
-0.229308
-0.709443
-0.201481
-0.320702
-0.280734
-0.496756
-0.863057
-0.335764
-0.856498
-0.264751
-0.627058
-0.68284
-0.698202
-0.635698
-0.027939
-0.190757
-0.772656
-0.127152
-0.230205
-0.183101
-1.06581
-0.40566
-0.806302
0.0488877
-0.715609
-0.451477
-0.841622
0.0402075
-0.793244
-0.519358
-0.56714
-0.877404
-1.3595
0.0783546
-0.400717
-1.59294
-0.627697
-0.733964
-0.658451
-0.711059
-0.103499
-0.177313
-0.559967
-0.469927
-0.614008
-0.678452
-0.162358
-0.35962
-0.714019
-0.696389
-0.408372
-0.825824
-0.509933
-0.298096
-0.892053
0.0606982
-0.424601
-0.0306032
-0.592395
-0.376596
-0.462893
0.0255573
-0.128948
-1.27393
-0.651776
-0.259618
-1.03038
-0.331364
-0.967844
0.0165365
-0.0497985
-0.328439
-0.276828
-1.20825
-1.14138
-0.23536
-0.672742
-0.733061
-0.26708
0.25161
0.495045
-1.60542
-0.25117
-0.625039
-0.514905
-0.370722
-0.715938
-0.518067
-0.0670584
-0.0954372
-0.206203
-0.442554
-0.409331
-0.556763
-0.864134
-0.435576
-0.482371
-0.471437
-0.337255
-0.189234
-0.627834
-0.165574
-0.476152
-0.000531942
0.0676536
-0.415672
-0.404351
-0.151781
-0.815623
-0.463757
-0.0376055
-0.487038
-0.915226
-0.191816
-0.4196
-0.597129
-0.132801
-0.276682
-0.72748
-0.424034
-0.259627
-0.275391
-0.856129
0.0267364
