2.44255
3.98208
3.39122
2.44874
3.03888
3.53019
3.34285
3.16431
3.17937
3.60462
3.90584
2.21884
3.79383
2.10761
3.53637
3.077
2.73833
2.19352
2.83299
3.1057
2.98715
2.8345
3.33505
3.36282
3.93226
2.92832
3.54415
3.06759
2.41784
3.10725
2.99447
2.1108
3.6202
2.88875
2.80919
3.62688
2.92196
2.88799
2.80875
3.6996
2.92199
3.14663
4.41806
2.68775
3.37083
2.97881
3.04747
3.11609
3.2297
1.97925
2.86981
2.9732
5.07723
3.45026
2.62441
3.49389
2.55331
3.18699
2.68935
3.37147
2.60664
2.29141
2.83062
3.0398
2.69861
3.25353
2.81019
3.36162
2.76534
1.61257
2.53743
2.61125
2.56969
2.0719
3.58533
3.82763
1.77729
2.96297
4.15137
3.7118
3.06799
2.82666
2.5172
3.87716
3.42219
2.77168
3.19462
2.36913
2.78441
3.59694
2.40703
3.76028
2.65585
3.14063
2.45493
4.24202
4.85495
3.96362
3.37244
2.7824
