0.358551
1.32802
0.205955
0.0932675
0.398579
-0.175903
0.10539
-1.09455
-0.776357
0.0730209
0.880323
0.248252
0.292192
-0.26996
-0.738269
0.315377
-0.41265
-0.0774529
0.0517582
0.470524
-0.0384941
0.0120843
-0.187164
0.615795
-0.686791
0.131101
0.243572
-0.621186
-0.488831
-1.06669
0.267106
0.750028
0.110448
0.782484
-0.417399
0.802584
0.603117
-0.0882154
0.937313
0.292383
0.255709
0.0981982
0.480972
-0.249572
0.304238
-0.651101
1.02167
0.329829
0.967938
-0.850347
1.20264
-0.244651
-0.687
0.368558
0.451096
-0.000318573
0.0168386
0.0970504
0.232918
0.559263
-0.214849
0.860252
-0.412804
-0.206144
0.311585
-0.0976581
0.513252
0.0245756
-0.223154
-0.409042
-0.3083
0.475821
-0.887906
-0.411646
-0.47588
-0.223995
0.171143
0.730758
0.682966
-0.877798
0.466383
0.364514
0.287338
0.671217
0.587946
-1.18374
0.856806
-0.109652
0.424441
1.12922
-0.802884
0.37135
-0.585886
0.236227
-0.846784
0.422927
-0.85503
-0.780723
0.622629
0.410912
0.00723208
0.0892486
-0.184942
0.669813
-0.181032
0.280415
0.261768
0.560601
0.0487798
-0.22261
0.408784
-1.5452
-0.00992738
0.0383739
-0.373079
0.338959
0.415954
-0.900139
0.446772
-0.668362
0.452282
-0.182385
-0.250566
-0.898703
0.361337
-0.7
-0.462545
0.360192
0.366889
0.362407
0.981216
-1.09897
-0.273013
-0.278766
0.45079
0.269923
0.690122
-0.115658
-0.0307518
0.9261
0.0364495
-0.144184
-0.00454212
-1.02273
-0.153714
0.824
-0.358519
-0.323358
-0.421621
0.0510632
-0.266693
-0.313353
1.09978
0.482664
-0.199971
-0.798313
-0.271799
0.557089
-0.485831
-1.10067
0.351875
0.263904
0.429718
-0.198764
0.232042
-0.0598197
-0.33747
0.770761
-0.226709
-0.25124
0.681713
0.201279
-0.295553
0.102134
0.481338
0.624663
-0.393626
-0.131024
-0.814648
0.100681
0.056743
0.335755
0.136011
-0.593907
-0.282599
-0.260574
0.0984945
0.559762
0.971241
-0.331963
0.0483731
-0.526969
0.969573
-0.154868
-0.417184
0.211095
0.159038
0.030053
-0.422304
-0.595288
-0.258023
-0.36736
-0.305653
-0.625601
0.583355
-0.0362708
-0.721841
-0.249228
-0.809972
-0.287962
0.682052
-0.21423
-0.109485
0.258374
-0.733177
0.838729
0.260934
0.662783
-0.0596312
0.54234
0.457437
-0.24547
-0.48687
-0.553619
-0.580361
-0.413801
0.80163
0.107977
0.541892
0.350736
0.520036
-0.253216
-0.269109
-0.356754
0.00256139
0.0801445
-0.349694
0.408404
-0.794912
0.480218
-0.498937
0.80122
-0.289044
-0.0487529
-0.678244
-0.606697
-0.0429802
-0.195416
-0.64644
0.959284
0.551756
0.570593
-0.191532
-0.70509
0.208436
-0.00519046
-0.493356
-0.209392
0.888017
0.0786707
0.239569
0.586451
-0.347029
-0.961754
-0.846707
-0.258882
0.78225
-0.888682
0.627221
-0.468385
-0.832258
-0.0886898
-0.666959
0.198101
-0.36623
-0.438669
0.91936
-0.547649
0.542822
-0.639611
0.370114
0.185828
-0.556158
-0.466005
0.187844
0.0714903
-0.326559
-0.309312
-0.235461
0.269396
0.829681
0.776384
-0.976048
-0.667359
0.0641333
0.0852557
-0.583817
-0.810068
-0.042653
0.137254
-0.00646022
-0.468869
-0.0389491
0.27858
-0.369233
-0.437634
-0.285195
-0.00872176
-0.253778
0.695953
0.706713
0.074182
-0.19676
-0.387405
0.115966
0.363709
0.536263
-1.07261
-0.222176
-0.520094
0.0978751
0.101836
-0.249425
-0.0157479
0.441515
0.465283
-0.0980599
0.0607674
-0.352437
-0.132791
-0.632433
-0.0870803
0.104935
-0.96769
0.28917
0.636714
-0.241787
1.0593
1.01317
0.433814
0.146877
1.20365
0.621785
0.417029
0.8234
0.560351
0.0739151
0.284678
0.274695
0.215554
-0.0199037
-0.162184
-0.36138
0.686738
-0.382938
1.07045
0.131814
0.287341
0.537577
-0.315801
-0.499701
-0.907225
-0.775775
0.731056
-0.228971
-0.432188
0.249971
-0.5888
0.636545
0.738432
-0.666333
0.860966
-0.160515
0.70728
-0.190874
-0.674753
0.248774
-0.142529
0.584758
0.202653
-0.389046
0.041094
0.201666
0.183978
0.042403
0.253256
0.788544
-0.327787
0.569838
-0.224086
-0.348536
0.292418
0.817443
0.184123
-0.292594
0.777482
0.555681
-0.488878
-0.0271209
0.442444
-0.803551
0.785715
0.0523344
0.496823
0.27447
0.32809
0.30371
-0.0748109
0.153477
-0.524081
1.98184
-0.67367
-0.860488
-0.902831
0.928665
0.110261
-0.936225
-0.131865
-0.410991
-0.286575
-0.360742
-0.392163
0.462196
0.434685
0.866814
-0.201284
0.215891
0.0563819
-0.0883938
-0.299217
-0.176277
-1.05734
-0.133923
0.0204463
-0.684357
1.04409
-0.132087
0.426713
-0.303009
-0.324942
-0.53954
0.986973
0.348309
-0.988625
0.229166
-0.228131
-0.563034
0.305697
-0.010744
-0.0423847
-0.656558
-0.138692
-0.829443
0.260196
-0.896906
-0.755756
-0.351276
-0.252243
0.871437
-0.359055
-1.03311
-0.641044
0.363676
0.400153
-0.850873
0.019687
-0.919533
0.391501
0.280316
-0.522627
0.2086
-1.78286
0.96415
0.541811
-0.589496
0.359008
-0.169797
0.675315
-0.0807897
-0.475302
1.05464
-0.586238
0.59427
-1.19951
-0.5383
0.5928
-0.941026
0.372536
0.16372
-0.227372
-0.511238
0.110667
-0.783139
0.883963
-0.434879
-1.28637
0.888991
-0.273568
0.21523
0.0179237
-0.610304
-0.799501
-0.223768
0.0548555
-1.19061
-0.785971
0.54131
-0.248774
0.36244
-0.188665
-0.94648
-0.141311
-0.547183
0.950792
0.00178505
-0.666246
-1.22803
-0.19303
-0.811202
-0.72962
-0.459873
0.31593
0.601338
-0.0388661
0.761038
1.18875
0.407188
-0.332355
0.0672868
-0.489789
0.734386
0.340366
-0.463846
0.603419
-0.340102
0.384118
1.11009
0.815636
-0.0228652
-0.00486024
0.0913577
0.454053
0.169926
-0.425059
-0.038599
0.718287
-0.541051
-0.68092
-0.530604
0.00283851
-0.310648
0.803349
0.13111
-0.108224
-0.185346
0.0687886
-0.173424
-0.239575
0.529281
0.0175507
-0.52595
0.17142
0.331669
0.465554
-0.346875
0.165198
0.0775773
-0.636403
-0.21728
0.0538183
0.34536
-0.612772
0.250075
0.456702
0.467991
-0.165991
0.12799
-1.06797
0.524329
0.63447
1.08633
0.448687
-0.0599328
-0.874093
0.436552
-0.356784
0.324456
-0.318611
1.15817
-0.224982
0.41345
-0.43798
0.358315
-0.187035
-0.514562
-0.617493
0.122168
0.169728
-0.178644
0.1552
-0.0784637
-0.923588
-0.253146
0.0400649
0.477833
-0.471659
-0.385482
0.0537837
0.235544
-0.0244552
0.209538
0.0881271
0.215518
-0.0654515
0.625521
0.190258
-0.406152
0.513449
-0.38237
0.0157962
0.00114114
-1.09012
-0.289887
-0.452734
-0.403804
-0.517149
0.529877
-0.0587371
-0.224052
-0.668446
-0.246377
0.191432
-0.209761
-1.20546
-0.213145
-0.788639
-0.0330759
0.352624
-0.576323
0.611826
0.641664
0.81585
0.223463
0.717945
-0.325611
0.302629
-0.107146
0.318984
0.377334
-0.401993
-0.125052
0.0706354
-0.0800733
0.277401
0.990346
0.544531
0.674253
-0.520189
-0.202533
0.24548
0.51435
-1.06757
-0.849299
-0.464341
-0.198266
0.144097
-0.430229
-0.94884
-0.397057
-0.22025
-0.0939947
0.79628
-0.0405186
-0.240364
0.32347
-0.220966
-0.781579
0.0189816
-0.523057
-0.174158
0.682833
0.313022
0.0612069
-0.490377
0.443602
-0.240629
0.1111
0.266996
-0.853457
0.768711
1.05846
0.436316
0.179737
0.559797
-0.0988961
0.217328
-0.0602904
-0.375176
-0.341455
-0.313947
0.165718
0.500959
-0.332039
0.827409
-0.659782
-0.261805
0.329397
-0.0441132
-0.692606
-0.716387
-0.0703982
-0.364242
-0.624264
-0.671056
0.58831
1.31881
0.820962
-0.172073
-0.254059
0.585596
0.349181
-0.523485
-0.337518
0.616669
0.127814
-0.230232
0.750486
-0.346942
0.615003
-0.463024
-0.128051
0.785165
-0.0729579
0.385256
0.493383
-0.0709987
-1.06332
0.130099
0.323297
0.0383595
0.711432
0.768029
-0.120786
-0.280201
-0.784741
-0.781122
0.0603174
-0.465707
0.535483
0.158011
0.717054
-0.0257473
0.552277
-0.91501
-1.36948
0.660251
-0.125375
-0.452734
1.11848
-1.36608
-0.177727
1.00914
-0.243504
0.898323
0.247462
-0.224155
0.0944305
0.335789
0.0237264
-0.697189
0.140997
-0.992117
-0.0900358
0.241284
0.148604
-0.546527
-0.262634
0.113942
0.341485
-0.557702
-0.847882
0.142145
-0.00790209
-0.55308
-0.421525
0.333809
0.0666041
-0.268599
-0.276871
0.19474
-0.515848
1.28707
-0.544774
0.811355
-0.217967
0.589838
-0.637087
-0.295817
1.06859
0.189145
0.217945
-0.0998783
0.770708
0.0692539
-0.48173
-0.60009
0.519616
0.267372
0.1141
-0.562782
0.717793
-0.277628
0.0596525
0.447675
-0.266615
0.805344
-0.38525
0.266866
-0.427683
-0.303266
-0.0616177
-0.0516666
-0.42177
0.536957
0.511187
0.821708
-0.167678
0.149759
-0.222544
-0.440386
0.762829
-0.747484
0.000643639
0.212689
0.219642
-0.283668
0.0226274
-0.895523
0.0178335
0.744391
-0.182064
-0.325666
0.209898
0.543568
-0.241153
-0.125391
0.929153
-0.13418
-1.56032
0.575539
0.582245
0.477954
-0.780094
0.262442
-0.740073
0.837707
0.227764
0.0514637
-1.10354
0.0637363
-0.252676
-0.162591
0.057101
0.907462
-0.761146
0.23456
0.202281
-0.208652
-0.292179
0.764363
-0.776857
-0.165878
0.231274
-0.7956
0.448025
-0.67592
0.440508
-0.331329
0.199149
0.442042
-0.078204
0.446592
0.096905
-1.46376
0.406027
-0.337815
0.465455
-0.146852
-0.097086
-0.487965
-1.09516
0.625119
1.00096
-0.215194
-0.275589
0.146124
-0.227631
-0.12852
0.378
0.269849
-0.125827
0.0551575
-0.661765
-0.164583
0.253733
-0.106018
-0.393334
0.313196
-0.742171
0.38318
0.409222
0.738556
0.531403
0.00104093
-0.0457458
0.737122
-0.576151
0.604917
-0.611326
0.0771371
-0.129039
-0.665772
-0.312034
0.694805
-0.238563
-0.203078
-0.157029
0.19359
-0.918265
-0.380868
0.0928708
1.253
0.409187
0.544409
-1.11975
0.268258
-0.481988
-0.248035
0.164141
0.497227
-0.481016
-0.238104
-0.498644
0.367043
0.404806
1.30907
0.63238
0.271351
-0.106321
-0.482943
-0.190858
-0.391609
1.54737
-0.461605
-0.662567
-0.616367
0.129199
-0.690624
0.401879
0.328268
-0.176021
-0.482873
-0.010776
0.723112
-0.574073
-0.534602
0.0970274
-0.916674
-1.09216
-1.06995
-0.204145
0.308
0.256303
0.420793
0.691443
-0.293733
-0.308886
-0.0978783
-0.205555
0.0796859
-0.459247
0.0567141
0.0928727
0.67988
0.547499
-0.22156
-0.227769
-0.583866
-1.12369
-0.252584
-0.19744
-1.21326
0.377228
-0.148767
0.362099
-0.133054
-0.217248
0.360527
-0.149836
-0.118386
