-0.418066
-0.775941
0.666046
-0.410187
-0.422963
0.73628
0.322674
0.397508
-0.427066
0.364269
-0.57342
-0.575964
-0.105444
0.660669
-0.1027
0.716005
-0.263294
0.0480806
-0.724463
1.16166
0.547762
-0.346836
-0.0981827
0.0218412
-1.6483
0.723578
1.02515
-0.946384
0.528251
0.235852
-0.901724
-0.160082
0.00954893
0.565518
-0.219157
-0.892722
-0.337271
-0.848893
0.297646
1.067
-0.401203
-1.20816
-0.439873
-0.628583
0.296362
0.271602
-0.0487538
-0.256658
0.00958414
0.331321
0.401607
0.7082
-1.12912
-0.534764
0.306016
-0.274034
-0.740763
-1.59364
-0.487356
0.397927
-0.0731815
-0.397491
-0.258725
0.169468
-1.50486
0.0893182
0.0530896
0.507843
-0.203584
-0.00822514
-0.262204
-0.489728
0.249705
-0.605129
0.609698
1.01866
-0.188049
-0.790093
-0.351222
-1.34959
-0.28862
-0.24935
-0.404418
-0.246473
-0.309987
-0.0615774
-0.0795682
0.996197
0.409955
-0.434452
-1.1931
-1.24276
-0.246047
0.00774367
0.496783
-1.74273
0.139652
0.409386
-0.0800244
-0.445834
-0.206116
0.600073
-0.234714
0.0669146
1.29703
0.250736
-0.183343
0.559053
-0.423499
-0.0784784
-0.0701765
1.49506
-1.29837
-0.243094
-0.248365
1.23701
-0.273077
-0.058283
-1.03893
0.0310273
-1.88459
-0.237153
0.220097
0.276606
-0.612329
0.283936
-0.105988
-1.2166
-0.320701
0.134804
0.563204
-0.689032
0.00659169
0.0658285
0.697682
-0.419971
-1.39097
-0.117236
-2.13459
0.70879
-0.154965
0.0313689
0.0954459
0.0356913
-0.288121
-0.710305
0.587458
0.149756
-0.149999
-0.32945
0.275712
0.279842
0.39386
0.039048
-0.407469
-0.453107
0.364179
1.15218
0.727355
0.976835
-0.684221
0.0762429
0.548716
0.928961
0.0171481
0.221701
-0.575351
-0.837826
0.108646
0.0190631
0.0370713
-0.453619
0.416239
1.10444
0.337302
-0.349938
-1.13788
-0.343427
-0.833111
0.761212
-0.482146
-0.727069
-0.532095
-0.0690057
1.24261
-1.00222
0.284552
0.448477
-1.09734
0.187166
0.871247
-0.389649
0.44941
0.116502
0.27549
-0.998457
0.25995
0.338376
0.388633
-0.0174206
0.820723
-0.812314
0.485077
-0.0379191
-0.383322
-0.272315
0.149798
0.683924
-0.347683
0.626375
1.11262
1.25327
0.63845
0.634895
0.525827
-0.480063
-0.551854
-0.240684
1.13061
-0.117217
-0.276506
0.557717
0.504229
0.00391378
0.620085
0.111833
0.642489
1.13937
-0.3535
0.284567
-0.241493
0.148681
0.876351
-0.672965
-1.32236
-0.202282
0.0821367
0.0303018
1.35382
0.487899
-0.981398
-0.496083
0.358208
-0.211496
0.110463
0.829844
0.748564
-0.229612
1.76182
-1.4576
-0.328706
-0.367587
-0.51217
-1.08536
-0.37136
-0.100888
-0.152972
0.277999
0.288484
0.166336
-1.0458
0.624907
-0.911627
0.13102
-0.826509
-0.473039
-0.890101
-0.0532106
1.15408
-1.05777
-1.07947
1.15388
0.841451
-0.0995149
-0.015359
-0.271655
0.223014
-0.000118602
0.97588
0.608799
0.822693
0.348161
-0.83989
0.158078
0.659806
0.40023
-0.0100188
0.151807
-0.68419
-1.43628
-1.37289
-0.61793
0.0645799
0.595723
0.663527
0.676324
0.307072
-0.194069
-0.0293136
0.652815
0.425284
0.972717
-1.32106
-0.177726
0.334777
0.970159
0.023283
0.582103
-0.516436
-0.183896
-0.196493
0.701576
0.499563
-0.194341
0.153457
1.30309
0.375312
-0.406798
0.0485947
0.164093
0.371331
-0.904301
0.0492967
-0.357139
-0.117551
-0.739963
0.977046
-0.445873
0.306222
-0.279593
0.105105
-1.48267
0.179187
-0.339792
0.611409
0.0095809
-0.383951
-0.684611
-0.218718
0.139826
-0.328571
0.429304
-0.659105
-0.660427
-1.16424
-1.35664
0.529073
-0.771238
-0.401164
0.658635
0.273652
0.426739
0.6448
-0.117788
-0.855643
0.101813
-0.310668
-0.121736
0.00952277
0.376648
-0.293895
0.3727
-0.016121
-1.73501
0.489384
-0.150907
-0.414591
0.116401
0.926964
0.0340425
0.28045
0.268912
-1.06001
-0.280182
-0.578461
0.372488
0.441292
-0.427392
0.908972
-0.0235075
-0.277705
-0.425577
-0.513167
-0.0915997
-1.40475
-0.128308
-0.600843
-0.20859
-0.530844
0.494764
-0.41696
1.18196
-0.166072
0.217535
-0.0932545
0.884734
0.776865
0.667473
-0.308896
1.09966
-0.145095
0.121795
-0.310554
0.250375
0.0545807
0.197787
-0.241951
-0.985559
1.15415
1.29629
-0.739566
0.224717
0.681007
-0.636979
0.583148
0.174263
-0.905029
-0.326178
1.23535
1.11132
0.898504
0.978455
-0.339785
0.210272
0.351311
0.478459
0.420212
-0.341045
-0.530621
0.419286
-0.693248
-0.96609
-0.142617
0.756478
0.274324
0.0724782
-0.384558
1.06845
0.381692
0.481286
-0.350156
-0.711425
0.456405
2.01825
1.01701
-0.297495
-0.418738
0.961999
-0.426283
-0.0897539
0.261816
-0.197281
0.263404
-0.188408
0.682869
-0.549664
-0.681188
0.188327
0.568419
1.35133
-0.852486
-0.16678
-0.500306
-0.735325
-1.17202
-0.105712
0.273072
-0.266731
0.642762
-0.684586
0.480976
0.14028
1.10841
0.171831
-0.802685
1.41638
0.0849278
-0.646643
0.484487
0.350554
0.533403
0.78833
0.593961
0.662513
0.976812
0.471876
0.565915
1.36647
-0.0619148
-0.496405
0.414192
-1.37719
-1.05728
0.327581
0.697254
0.828677
-0.207473
-0.49698
1.16761
0.752414
0.540466
-0.931776
-1.12783
0.899142
-0.0693465
0.132573
-0.639337
0.928257
0.744001
0.555125
-0.230679
0.92692
0.0907808
0.461077
0.766019
-0.0419158
0.70817
0.474417
0.306323
-0.203817
0.557772
0.549587
0.925197
0.561894
0.628795
0.162085
-0.725163
0.867206
0.80673
0.189812
0.479942
0.0857287
0.392186
0.0900795
-0.50997
0.0878989
-0.117192
-0.553638
-0.314011
0.2944
-0.598275
-0.107823
-0.843871
-0.139328
1.24936
-0.0897179
-0.246388
-0.441508
-1.03185
0.0926557
0.174416
1.26559
0.0555431
0.128964
0.130724
-0.251893
1.39686
0.890843
-0.239663
0.973566
0.0908692
1.17519
0.569713
1.08948
0.0966522
-0.542103
-2.11966
-0.322463
-0.245325
0.937304
-0.454759
-1.07543
-0.418231
0.668113
-1.0149
0.210157
0.496897
1.23139
-0.141207
-1.20155
-0.358459
0.732605
1.33395
0.310264
-0.490271
-0.113364
0.469683
-0.416003
0.514587
0.999653
-0.618727
-0.304663
0.275071
-0.0722115
1.72397
0.0211853
-0.187744
-0.252928
0.53185
-2.24264
0.796111
-0.188844
0.81115
0.25188
-0.340652
-0.391405
0.25154
-0.231556
0.6807
0.0460103
-0.187372
-0.413734
1.04958
0.552982
0.844907
-0.178719
-0.32405
-0.113438
0.309115
-0.174978
-0.671594
-0.456264
-0.884572
-0.103623
0.0539013
-0.790387
-0.24164
-0.518527
0.121239
-0.496103
-1.22285
-0.0353295
-0.321983
-0.732656
0.215007
0.0341968
-0.632819
-0.275806
0.0996627
-0.0365269
-1.1273
0.208862
0.831521
0.487107
0.460846
0.82904
0.995661
-0.367339
0.903361
-0.585305
-0.337045
0.159453
-0.610533
-0.79936
0.78859
0.5024
0.692968
0.22606
0.208566
0.00303447
-0.442434
0.577472
0.235327
-0.49728
-0.777137
0.430969
0.145188
-0.834578
-0.226214
0.160553
1.46676
0.547944
-0.201017
0.591271
-0.105308
-0.205107
-0.273334
1.01663
-0.410615
-0.717616
-0.963149
-0.146427
-0.509999
-1.30093
-0.0546252
-0.419757
0.977412
-0.328669
-0.776231
-0.17493
0.4405
-0.569739
-0.335464
-1.01764
0.272313
-0.201741
0.209341
0.46492
-0.112022
-0.854502
-0.651777
0.476697
0.34748
-0.827247
0.0501546
0.972428
0.0615365
0.0561108
0.874531
-0.214566
-0.266466
-0.417767
0.870413
0.0803539
0.385787
0.345009
-1.13176
-0.630382
0.453545
-0.683578
-0.397794
0.53494
0.0338686
0.421628
-0.492547
-0.31309
0.379773
1.43041
-0.577344
0.0998613
-0.437118
-0.319597
1.18807
0.348478
-0.166457
-0.451488
0.829227
0.408065
-1.33936
0.28549
-0.440251
0.386214
-0.987755
0.492527
-0.0276735
0.982204
0.443038
-0.319013
0.289996
0.587559
-0.0498204
1.23369
-0.937223
-0.414082
-0.507274
0.000777726
0.485842
-0.116074
-0.507212
-0.0253054
0.572962
0.763099
-0.182867
-0.516145
-0.366755
1.34768
-0.237334
0.0729677
0.101976
0.320197
-0.623796
-0.219935
-0.195022
-0.30361
1.23009
-1.17477
-0.0224929
0.174802
1.05646
0.449466
0.465096
0.362618
0.227833
-0.551393
0.845295
0.547848
0.131617
0.872885
0.146185
0.39788
1.1908
0.798191
1.08407
-0.24343
0.0239917
-0.832052
-1.68162
0.932726
0.620287
-0.412126
-0.00400035
0.396196
-1.03213
-0.961939
0.103064
-0.0678547
-0.0040902
-0.106151
1.06212
-0.408209
1.02074
-0.848973
-1.10407
-0.194286
0.0106804
0.0137729
-0.58144
-0.814853
-1.10645
0.190872
0.0333941
-0.307087
-0.5396
0.307243
1.11566
0.140487
0.707562
-0.108349
0.138239
0.313793
0.917862
-0.268896
-0.762438
0.234872
-0.257995
-0.301291
1.27793
1.31634
0.134771
-0.405062
0.932339
1.15382
1.03325
0.909439
0.368572
0.780497
0.448175
-0.130378
0.184359
-0.5062
-0.330737
-1.26915
0.201702
0.431874
0.424564
0.633486
-0.182541
-0.153862
0.0220663
-0.746124
2.24155
0.509298
-0.353578
0.733189
-1.02491
-0.42084
-0.113164
0.527045
-0.739623
0.494158
-1.31334
-0.0886246
-0.282421
-0.345777
-0.400195
-0.451952
-0.726039
0.722159
0.636273
0.528883
-0.429949
-0.274803
-0.577191
0.162399
1.27504
-0.548988
1.32064
-0.240416
0.143966
0.191577
-0.188059
-0.983257
-0.586967
0.650472
1.64308
0.305975
0.307051
0.351958
0.462827
0.792608
0.90118
0.418409
0.480047
0.331435
0.615936
0.25947
0.968114
0.626803
-0.325643
-0.141553
-0.171135
-0.626827
0.644268
-0.747127
-0.327348
-0.73716
-0.110507
-0.238314
-0.873239
0.415839
0.00680003
0.109945
0.559022
1.07491
-0.0956867
-1.37459
-0.779654
0.533557
-0.214742
-0.111625
-1.08623
-0.230315
-0.798226
0.132746
-1.03193
0.532941
-0.734009
0.502373
0.485336
0.488663
0.711856
0.460573
-0.713281
0.328569
-0.00550254
-0.970993
-0.520707
-1.0957
0.0190776
0.210567
-0.0986903
0.717465
-0.136557
-1.10206
-0.910486
0.233095
-0.236446
-0.592369
0.618901
0.367374
-0.111666
-0.449798
0.115826
-0.105231
-0.808764
-1.0156
-1.12845
-0.412292
-0.542599
0.0981962
0.408215
-0.279481
-1.45523
-0.27394
0.835154
1.0373
-0.104889
0.0195371
0.815084
0.982791
-0.105364
0.0592546
-0.49959
-0.199608
0.75892
0.204845
-0.283498
-0.545143
0.20236
0.00574312
0.0872235
0.455505
-0.325373
-0.199663
0.942326
1.08095
-0.951294
0.19823
-0.162473
0.152741
