0.144018
1.06639
0.00096545
0.142364
0.520621
0.22246
-0.190315
-0.710775
-0.535182
-0.0582159
0.651784
-0.262274
0.285447
0.0647298
-0.944079
0.423553
-0.553316
-0.248658
0.409805
0.303175
0.126893
-0.338961
0.0747549
0.087106
-0.429356
0.00369532
0.389148
0.0441608
-0.650814
-0.836354
0.429576
0.713677
-0.0481967
0.37197
-0.252519
0.780012
0.488315
0.220782
0.709427
-0.0937945
0.233256
0.153523
0.0805304
0.0540711
-0.102638
-0.30558
0.775052
0.121836
1.09856
-0.516688
0.637164
0.314967
-0.0933913
0.149161
0.250975
0.0112607
-0.0213522
0.0462914
0.208745
0.412674
-0.596733
0.95331
0.0220394
0.36063
0.64585
0.0451887
0.512773
-0.249064
-0.198117
-0.10586
-0.121327
-0.19487
-0.286176
0.0263799
0.164313
-0.29963
-0.175294
0.62238
0.512594
-1.05631
0.290195
0.0454433
0.387375
0.171018
0.535863
-0.855935
0.707305
-0.0524643
0.374125
0.580682
-0.673075
0.214925
-0.190346
0.204954
-0.18068
0.545202
-0.507684
-1.06294
0.917728
0.468248
0.0958651
0.433674
-0.128436
0.498622
0.257035
-0.166784
0.23937
0.505589
0.00907538
-0.29139
-0.0679648
-0.792344
0.432843
-0.166968
-0.267945
-0.108907
0.121558
-0.955682
0.453943
-0.526809
0.0795286
0.292886
-0.124853
-0.7375
0.352714
-0.14937
-0.447203
0.522235
0.119425
0.168587
0.99613
-0.996423
-0.101873
-0.480044
0.320625
0.24575
0.727828
-0.370627
0.0367057
0.575475
0.0127073
-0.193463
0.0116269
-0.943309
0.0425912
0.0741644
-0.197524
-0.0416879
-0.131714
0.203294
-0.119606
0.101711
0.700413
0.574375
-0.108768
-0.617023
-0.0206289
0.504033
-0.582128
-0.883917
0.213311
0.0264367
0.190771
0.189616
-0.442895
0.198267
-0.230305
0.531754
-0.19989
-0.289463
0.558037
0.189873
0.150038
0.229867
0.0569606
0.47694
-0.309973
-0.59525
-0.19729
0.172991
-0.150194
0.149339
0.156953
-0.602988
-0.197196
-0.239888
0.373466
0.112835
0.655241
0.08535
-0.186244
-0.231139
0.644884
-0.267137
-0.634655
0.514977
0.0377223
0.0400029
-0.207674
-0.599673
-0.0647769
-0.399577
-0.199803
-0.560613
0.0931361
0.363304
-0.610342
-0.0766112
-0.28978
-0.271372
0.415516
-0.126941
-0.470218
0.42547
-0.517844
0.561217
0.427567
0.511762
-0.0332553
0.356883
0.305428
0.0866601
-0.490617
-0.459704
-0.239441
-0.185639
0.965865
-0.0704292
0.369966
0.232709
0.453874
0.136103
-0.0840252
0.227971
0.0620423
0.582321
-0.854622
0.356339
-0.791429
0.252415
-0.0527759
0.761486
-0.151859
0.161733
-0.0368548
-0.218984
0.305656
-0.275364
-0.319527
0.641066
0.462584
0.396987
-0.537387
-0.668951
0.0895167
-0.602819
-0.197119
0.122544
0.722046
-0.434039
0.0250586
0.0549293
0.01568
-0.648172
-0.820519
0.177719
0.624211
-0.731932
0.828495
-0.288927
-0.960073
0.182788
-0.420952
0.21324
-0.293723
-0.0665706
-0.0376719
-0.580615
0.0484035
-0.478083
0.420715
0.0140022
-0.430715
-0.631254
0.338685
0.0648889
-0.677276
-0.405961
-0.263651
0.178857
0.652555
0.307129
-0.357585
-0.211127
0.09107
0.111915
-0.417276
-0.584071
-0.480958
0.0679704
-0.45288
-0.397462
-0.0296182
0.30415
-0.365104
-0.0286169
-0.421748
-0.291959
-0.37798
0.613855
0.486719
-0.0918641
-0.376346
-0.445445
0.0870037
-0.122855
0.207039
-1.00275
-0.224324
-0.358079
-0.333298
0.350807
-0.580547
0.238487
-0.00174696
-0.133439
0.102582
0.170572
-0.282657
-0.416008
-0.354344
-0.0483602
-0.0870175
-0.897979
-0.26369
0.673049
-0.231978
0.605196
1.04238
-0.139505
0.104108
0.840698
0.76491
0.113224
0.983064
0.629421
0.121549
0.345036
0.505188
0.593794
-0.359903
-0.0851104
-0.914235
0.497706
-0.00915853
0.628724
0.150721
0.19414
-0.191699
-0.245727
-0.575817
-0.479049
-0.708437
0.0786667
-0.108188
0.0943755
0.255028
-0.385123
0.800946
0.45572
-0.420433
0.626361
-0.338912
0.73496
0.0967409
-0.71039
-0.00382851
0.0633152
0.39172
0.085294
0.102596
0.044956
-0.197421
0.426155
-0.320873
0.59465
0.360875
-0.448818
0.898438
-0.0840654
-0.538293
0.744962
0.665937
0.44258
0.202388
0.935865
0.170581
0.0532806
-0.159109
0.701051
-0.471585
0.660092
0.242019
0.476245
0.498114
-0.0672197
0.250896
-0.344266
0.480861
-0.56398
0.895892
-0.700676
-0.366894
-0.607428
0.412382
0.304638
-0.724627
-0.187599
-0.476003
-0.197234
-0.264135
-0.0736276
0.264213
-2.99695e-05
0.754599
-0.363878
-0.0218902
0.314739
-0.205884
-0.370862
0.0202644
-1.11286
0.188969
-0.184936
-0.575953
0.901538
0.216376
0.387065
-0.291134
-0.211138
-0.38815
0.92033
0.146407
-0.671634
0.0389119
-0.425559
-0.145378
-0.0816638
0.0137766
-0.139769
-0.312824
-0.34028
-0.475853
0.430698
-0.321657
-0.567289
-0.426992
-0.162713
0.775044
-0.156913
-0.559177
-0.53934
0.374346
0.411073
-0.614731
0.16804
-0.827335
0.658825
0.226639
-0.0834133
0.446785
-1.03067
0.849857
0.428732
-0.844383
0.156569
0.188297
0.645966
-0.38605
-0.505178
0.786842
-0.0749671
-0.112319
-0.128242
-0.345863
0.757859
-0.784305
0.8665
0.0168739
-0.0150313
-0.565212
-0.0916367
-0.978812
0.343423
-0.000373079
-0.632117
0.389457
0.0476288
-0.384587
-0.0409179
-0.27188
-0.632371
-0.0910069
0.534288
-1.09471
-0.798854
0.424618
-0.149261
0.0107722
0.406663
-0.429222
0.182845
-0.577885
0.982595
-0.0124966
-0.176184
-1.0844
0.0619746
-0.420527
0.148797
-0.556287
0.667707
-0.149575
-0.00697518
0.940917
1.22657
0.802705
0.103901
-0.100819
-0.174192
0.254134
0.383814
0.132221
0.0365921
-0.135804
0.427607
0.352705
0.455699
0.128228
0.0906037
-0.0522718
0.123835
0.363541
-0.608902
0.0342199
0.796262
-0.385199
-0.529649
-0.302789
-0.240594
-0.27446
0.313129
0.308736
-0.0331124
-0.0487399
-0.251102
-0.194622
0.279142
0.240573
-0.629275
-0.231642
0.395937
-0.0115224
0.583676
-0.559251
-0.0811687
0.124574
-0.78036
-0.0475312
-0.165372
0.656242
-0.1696
0.317668
0.720396
0.853636
-0.391349
0.515112
-0.647341
0.361073
0.184873
0.917925
0.523345
0.0911953
-0.303155
0.325787
-0.519214
0.176486
-0.613111
0.770849
-0.254643
0.189457
0.0211738
0.145251
0.0662881
-0.299073
-0.205258
-0.0815034
-0.0342333
-0.468406
-0.0505178
-0.0863492
-0.633268
-0.0569206
-0.157545
0.269202
-0.156495
-0.66745
0.156824
-0.130384
-0.584226
0.311137
0.328043
0.553202
0.417938
0.829162
0.134897
-0.387812
0.330563
-0.387835
-0.284147
-0.00552656
-1.16794
-0.426266
-0.111131
-0.170445
-0.438507
0.226012
-0.329603
-0.146604
0.0167198
0.140252
-0.124267
-0.414218
-0.836993
-0.228737
-0.908461
0.106115
0.0404507
-0.310696
0.339865
0.681824
0.706449
-0.226235
0.49763
-0.151908
0.615319
-0.176037
0.103471
-0.176207
-0.271768
-0.455024
-0.180202
-0.301528
0.486535
0.76437
-0.100501
-0.0174465
-0.0999097
-0.37477
-0.00317033
0.212913
-0.661603
-1.25228
-0.576928
-0.227484
0.0775712
0.185963
-0.444178
-0.293005
-0.0312202
-0.330861
0.470686
-0.369447
-0.0912345
-0.0888758
-0.506252
-0.271341
-0.0391855
-0.311565
0.0644231
0.465175
-0.0299427
-0.240075
-0.460449
0.69593
0.385366
0.00244972
0.300939
-0.652625
0.59671
0.760721
0.670823
0.359601
0.301441
-0.137966
0.395841
0.169792
0.0263588
-0.341237
-0.204256
0.562712
0.189467
-0.204841
0.145968
-0.188776
-0.809297
0.112978
-0.0412988
0.0801267
-0.149379
-0.024204
-0.564119
-0.435212
-0.640034
0.762628
1.04946
0.0727898
-0.177066
-0.209501
0.113417
0.104592
-0.364109
-0.423057
0.101355
-0.13342
-0.082822
0.0146686
-0.478258
0.09269
-0.643027
-0.318734
0.385368
-0.247112
-0.206657
0.172268
-0.598105
-1.10641
-0.157264
-0.0958035
0.451053
0.338936
0.750829
0.0278762
-0.226846
-0.472148
-0.263416
-0.250311
0.0601851
0.565309
0.289465
0.451157
-0.0101315
0.521547
-0.286699
-1.15399
-0.0500662
-0.222833
-0.338478
0.605158
-0.897512
-0.583055
0.585382
0.301743
0.522703
-0.0639297
-0.213678
-0.386447
0.350971
0.349473
-0.227621
0.299624
-0.466625
0.23275
0.238285
-0.28118
-0.493027
0.136306
-0.114486
-0.0682037
-0.235557
-0.605321
-0.11446
0.0350935
-0.50927
-0.188626
0.267435
-0.11824
-0.072459
0.171057
0.265054
-0.0498311
0.511937
-0.303018
0.819599
0.213963
0.536572
-0.0401889
-0.227465
0.985007
-0.105774
-0.0844338
-0.241563
0.657534
-0.170145
-0.717752
-0.15144
-0.0898694
0.025976
0.142639
-0.561616
0.547063
-0.529935
-0.188624
0.338401
-0.439006
0.396864
-0.0395411
0.461537
-0.316866
0.391022
-0.147701
-0.172707
-0.197718
0.560221
-0.220164
0.54626
-0.302798
0.390886
-0.315689
-0.419622
1.42925
-0.417759
0.207702
-0.114151
0.260876
-0.058068
0.038363
-0.643965
0.100693
0.648053
-0.261145
0.443695
0.553695
0.141059
-0.403282
0.0185667
0.866708
-0.176926
-0.890765
0.0802241
0.685682
0.646947
-0.754855
0.108069
-0.43477
1.10273
0.637871
0.107418
-0.712369
0.367526
0.114452
-0.276661
-0.0946431
0.487648
-0.230271
-0.0779974
0.119794
-0.376798
0.309064
0.572497
-0.894946
0.225068
0.431427
-0.378682
0.16385
-0.728629
0.723916
-0.463802
-0.302631
0.502045
-0.157748
0.0613874
-0.388775
-0.943847
0.759297
-0.430365
0.406165
0.0226755
-0.00273847
-0.14287
-0.809726
0.381169
0.908438
0.0964595
-0.210099
-0.256648
-0.60559
0.278715
-0.0764403
0.170362
-0.244579
0.457745
-0.616892
-0.342099
0.0825249
0.251743
-0.922318
0.590842
-0.666455
0.394515
0.365914
0.125067
0.175385
-0.368843
0.290225
0.78785
-0.428132
0.0717311
-0.403949
0.201537
0.34536
-0.460574
-0.277959
0.718672
-0.0203499
-0.133932
0.113598
-0.0803676
-0.0449072
-0.624931
0.299181
0.514635
0.158796
0.283535
-0.755987
0.015468
0.0203586
0.3818
0.353522
0.164642
-0.189373
-0.334292
-0.528233
0.234739
0.103513
0.901073
0.0611593
-0.074748
-0.0137407
-0.517874
-0.412341
-0.323082
1.01456
-0.925199
-0.571306
-0.368774
0.372507
-0.260814
0.412113
0.213128
0.102277
0.0157126
-0.0283244
0.76041
-0.576077
0.0820694
-0.120973
-0.189435
-0.866667
-0.520477
-0.322448
0.196961
0.580974
0.238529
0.766784
-0.290394
0.135312
0.0413922
-0.892637
0.159976
-0.170338
-0.160613
0.1113
-0.117931
0.677203
-0.535805
-0.374461
-0.40777
-1.11404
0.0592983
0.274898
-0.760627
0.241645
0.147678
0.527718
-0.371823
-0.24071
0.254037
-0.243981
-0.182424
