-0.777757
0.114517
-0.803667
0.542151
0.225944
0.471584
0.354526
0.999651
0.844891
0.0773349
-0.658931
0.262804
-0.880921
-0.731506
-0.266969
0.269242
-0.722723
-0.0260676
-0.725933
-0.634096
-0.1504
-0.339277
-1.03477
0.87164
-0.869997
0.871077
-0.269064
0.0214475
1.10721
1.11065
0.0482917
-0.484996
0.18581
-0.00993612
0.00717047
-0.410393
0.0134773
-0.0953545
0.496581
-0.598976
0.250653
-0.715339
0.422308
0.649365
-0.523903
0.103191
-0.298235
-0.648205
-0.443298
0.776472
-0.183974
-0.968477
1.22938
-1.16944
-0.572422
-1.39109
-0.235225
-0.548537
1.27789
0.584681
0.199849
-1.44445
-0.904182
0.55647
-0.713347
0.00752243
0.718422
-0.905667
-0.224515
0.0389803
-0.182684
1.63793
0.77924
-0.553766
-0.64953
0.326268
0.161295
1.11696
-0.0679935
0.466464
-0.49484
-0.382779
-0.512625
0.175392
-0.257735
0.373177
0.298137
-0.289114
0.222469
-0.118253
0.12856
0.0228848
0.604516
-1.04402
0.256148
-0.580066
0.735191
0.801276
-1.28338
0.477126
-0.408467
0.296158
0.0387652
-0.0115438
-1.14647
-0.425226
-0.317841
-0.0770001
0.00948382
0.606283
-0.040043
-0.144799
-0.318212
-0.102028
0.652608
-0.658427
0.342363
-0.3101
-0.35201
-0.122077
0.559554
-0.334344
-0.760574
0.526884
-0.165255
-0.0484703
-0.405688
0.792652
0.111565
0.373069
-0.702871
1.19295
-0.398402
-0.576476
0.23359
-0.329624
-0.344519
-0.0812036
0.211134
1.40865
-0.842494
-0.990874
-0.346384
-0.921339
-0.720913
0.350548
0.241544
-0.515499
-0.612267
0.0018137
-0.762669
0.162838
0.317257
0.0154671
-0.250646
-0.954667
-0.391288
0.69233
-0.143376
-1.24188
-0.701338
0.565703
-0.5837
-0.585409
0.00950665
-0.0470616
0.42418
0.501109
0.243084
-0.684791
-0.554387
0.338566
0.595243
0.433696
-1.1595
0.356555
0.448038
0.49525
-0.0592815
0.0498585
-0.253723
0.568664
-0.153129
0.633845
1.44331
-0.939437
-0.252669
0.404402
0.0301523
0.124527
-0.402528
-0.592332
-0.0851048
-0.723785
-1.12519
-0.851756
-1.17998
-1.48233
-0.446094
0.896326
0.534901
-0.221692
-0.338695
0.419193
-0.10089
0.0706146
0.215043
0.098098
-0.18102
0.668704
-0.04262
0.66883
0.839689
0.213961
0.606276
0.291623
-0.0088166
0.567525
-0.887328
-0.113391
-0.317196
-0.540391
-0.984817
-0.709774
0.386055
-0.812083
0.466601
-0.485367
0.474052
-1.19054
-1.00054
-0.728599
-0.250799
-0.0559616
0.63854
0.51634
1.0066
1.19639
0.449668
0.29561
-1.15902
-0.666286
-0.214041
-0.51629
0.253904
0.719851
0.068426
0.00732507
-0.398503
0.367104
-0.808091
0.492036
-0.493568
-0.362016
-0.185158
-0.130831
-0.514544
0.296854
-0.483224
0.13002
-0.364227
-0.378211
-0.655981
-0.667675
-1.27582
-0.0534502
0.605218
0.236638
-0.584646
0.392025
-0.709962
1.1681
-0.597967
0.0739832
1.20452
-0.322909
0.0835205
-0.34611
-0.60323
0.373561
-0.29374
0.199247
0.910014
-0.924094
-0.178551
0.431026
0.453941
0.452679
-0.158701
0.447407
0.411199
0.267304
1.63639
0.767822
-0.0720279
0.30728
0.210703
0.266295
0.0372873
0.0660128
-0.0224581
-0.57627
0.31136
-0.416558
-1.26285
-0.97252
0.146919
-1.32653
0.111867
0.837002
-0.527089
-1.4336
0.365745
-0.39519
1.08413
-0.861213
-0.429705
0.0783356
0.224045
-0.509742
0.724359
0.0439748
-0.415951
1.6511
0.209966
-0.12201
-0.519268
-0.292422
0.23328
-0.403417
-0.622582
0.069703
0.236568
-0.636307
-0.681212
0.251262
0.255269
0.187052
-0.287928
0.710061
0.382972
-1.01056
-0.342116
-1.09385
1.2854
-0.880534
-0.543696
1.60151
-1.59952
0.0189069
-0.906276
0.116988
0.614119
-0.0723077
-0.298431
-0.0834415
-0.369891
0.985614
0.494843
0.599815
0.0972335
0.317441
0.106083
-0.513811
-0.623313
-0.363644
0.0752144
0.206147
-1.37991
-0.449945
1.70388
0.966614
0.137722
-0.534731
0.226132
-0.341195
-0.877361
0.151002
-1.01022
0.0665521
-0.361441
0.248347
-0.50353
0.354921
0.368421
0.41564
0.375793
0.243289
0.34937
-1.59019
0.37224
0.436014
0.401887
0.168137
-0.0906059
0.452376
0.28081
-0.834125
0.609649
-0.848122
-0.632386
0.305292
0.347708
0.693529
-0.396886
0.914411
-0.11629
-0.0431469
-0.849574
-0.338254
0.860371
0.0518722
-0.557693
-0.467387
-0.100918
0.209784
0.750265
0.311491
-0.227417
-0.457534
0.917949
-0.668439
0.157795
-0.425975
-1.16116
0.746346
0.153428
-1.02217
-0.000226068
0.122336
-1.2211
-0.0729131
-0.838077
-0.554405
0.514257
1.16056
0.283446
-0.584344
-0.067842
0.2641
-0.51203
-0.0633292
-0.31101
-0.991474
0.471512
-0.527075
-1.14703
-0.378143
-0.406523
0.642234
-0.0932256
0.762132
-0.178208
0.0222186
0.222332
-0.326222
-0.0219855
-0.0184401
0.162966
-0.796697
0.671049
0.300125
-0.177962
0.54193
0.0154671
-0.19004
-0.939764
-0.111455
-0.208591
0.717801
0.222165
-0.43131
0.625672
-0.61573
0.677675
0.223431
0.10269
-1.05747
-0.232534
0.426939
0.481855
0.194647
0.914511
0.260805
-0.325834
0.245878
1.38129
0.57472
-0.423347
-0.81238
-0.178282
-0.0811341
0.722953
0.514649
-0.316972
0.582283
-0.531744
0.206818
0.515146
-0.239271
0.292781
0.434581
-0.882541
0.639518
0.775027
0.272488
0.0054713
0.045678
0.797624
-0.773048
-0.857775
0.171499
-0.418751
1.37292
0.279576
0.324316
0.445478
1.37984
0.134384
-0.147122
1.21847
1.26101
1.21433
0.612429
-0.127777
0.195516
0.0968218
0.296443
-0.819451
-1.16202
-0.463973
-0.384415
1.30451
-0.220145
1.59556
0.437405
1.10509
0.888643
0.391245
-0.200954
-0.152381
-0.350576
-0.027739
-0.366251
-0.864045
0.782202
-0.00846316
-1.2125
-0.187278
0.97571
-0.0350819
0.392124
0.850398
0.0007476
0.310563
-0.319479
0.155903
1.11788
-0.134716
0.475466
0.299881
-0.721803
-0.935134
-0.526395
0.167419
0.498782
0.625025
-0.0496353
0.0799168
1.10738
0.332024
-0.687264
-0.276821
0.808261
-0.634466
-0.930784
-0.955045
-0.112182
0.564514
-0.624665
0.705747
0.0378329
-0.73195
-0.0954598
0.408355
-0.59928
0.502636
-0.483484
-0.307313
-1.26614
-0.196588
-0.156594
-0.160705
-0.526011
0.0563822
0.0246109
0.366863
0.158537
-0.682336
1.01097
-0.0761908
0.32992
0.777375
-0.241351
0.452392
-0.13532
0.134284
0.722226
-0.461386
-0.12773
0.0919569
-1.62177
-0.56698
0.521309
0.401744
0.207939
-0.407886
0.460792
-0.782545
-0.267283
2.33283
-0.900907
-1.14296
0.00170316
-0.573094
0.220421
-0.735913
0.325288
-0.158544
0.304978
-0.136653
-0.339157
-0.643766
-0.640963
1.08013
-1.1366
0.40712
-0.537341
-0.0262208
-0.621999
0.440468
0.101951
0.397515
0.390281
0.326006
-0.451264
0.0380523
-0.111389
0.599935
0.150168
-0.378933
0.819606
-0.508059
0.508711
-0.274768
-0.157444
-0.557271
0.125874
0.441276
-0.319766
1.16572
-0.464589
0.0132882
0.115798
-0.794234
0.340516
0.081011
-0.267427
-0.816153
-0.031871
0.534161
-0.845546
-0.335037
0.880103
0.727464
0.484005
0.0606612
0.0470646
-0.408476
-0.794139
1.2352
0.234793
-0.635537
-0.309843
0.370259
-0.264344
-0.68392
-0.725767
0.61736
0.26166
-0.333113
-0.36415
-0.314474
0.299335
0.226933
0.216739
-0.0760616
0.956326
0.173187
-1.21876
0.444806
-0.630878
0.318837
0.203589
-0.338894
-0.12119
0.156539
0.575297
-0.306423
-0.186334
1.34964e-06
-0.385779
-0.843125
0.256625
-0.297701
0.46935
0.0405088
0.69506
-0.989857
-0.504352
-0.525737
-0.261232
-0.694598
-0.080266
1.52781
0.583337
0.603363
-0.411104
-0.399257
-0.77947
0.417271
-0.326921
-0.454241
-0.209507
0.671879
0.849244
-0.227727
0.310595
-0.170065
-0.123696
0.619533
-0.0762446
0.504141
-0.701862
-0.493698
0.100081
0.159249
0.933084
-0.953509
-0.547041
1.24403
-0.140226
0.692375
0.0212128
0.963642
0.990204
-0.0882455
1.14809
0.139549
-0.613647
0.118888
0.721995
-0.263196
0.727776
-0.73107
0.982986
0.554261
0.538692
0.232684
0.114857
-1.25664
1.02436
0.708362
-0.176991
-0.482724
0.810109
-0.109533
0.250595
-0.0307476
-0.43591
0.447407
-0.484215
-0.271163
0.129966
0.636393
1.67233
0.513382
-0.100186
0.0533488
0.506835
0.981134
-0.177246
-0.0593119
-1.33515
0.144314
0.558067
0.301694
1.28075
-0.00102055
0.502804
-0.131638
-0.0892282
0.63757
1.30458
-0.457476
-0.921255
0.026708
-0.0493578
0.990073
0.0494199
-0.00834967
-0.676345
-0.421099
-0.779591
-0.312785
-0.224883
-0.129253
0.115544
-0.0228599
1.01132
0.250112
-0.015876
0.193341
1.30212
0.692437
-0.472344
0.0208424
0.697107
0.455773
0.60845
-0.152618
-1.31291
-0.0432665
-1.2318
-1.44649
-0.174736
0.652944
-0.353605
0.0745554
0.987072
0.803814
-0.279519
-0.230816
-0.739499
1.31527
0.495809
-0.274682
0.0326196
-0.118771
0.0947692
-0.390175
0.558967
-0.741177
-0.971908
0.910579
-0.47013
-0.0283416
0.56307
0.503442
-1.01161
0.218541
-0.212131
0.210473
-0.553546
-0.723111
0.543222
0.299914
0.0450079
-0.223764
0.650874
-1.03076
1.04171
-1.31912
0.107354
0.280326
0.119506
1.03648
0.346233
0.287616
0.76681
0.844877
0.766854
0.476395
-0.220246
0.929743
-0.852624
-0.225387
1.09986
-0.232075
-0.295744
1.30544
-0.0558849
-0.867145
-0.359081
0.680224
0.261708
-0.677633
0.27648
1.02951
0.677732
0.484675
0.321908
-0.649735
-0.724294
0.906441
0.465423
-0.23798
0.364284
-1.32924
-0.355597
0.153917
-0.321152
-0.245321
-0.207368
0.738488
0.396336
-0.927915
0.470091
0.0882294
-0.540988
0.120472
0.189815
-0.510311
-0.866471
-0.642456
-0.562439
0.763167
-0.387368
-0.461042
-1.04222
0.400236
-0.228031
0.511191
0.30542
0.526211
-0.467899
0.384588
0.357767
0.0644003
0.745235
0.822282
-1.18347
0.331132
0.608711
-0.859201
-0.444642
0.954402
-0.100849
0.299423
-0.042032
-0.0437282
0.338596
-1.26598
-0.122824
-0.963244
0.0715979
1.44028
0.262055
-0.579954
-0.306519
-0.786227
-0.417222
0.939091
-0.453173
0.111438
0.883215
-0.855321
-0.194978
-0.745311
-0.0778271
-0.619797
-0.163316
-0.152919
0.253297
0.0460219
0.84641
-0.29634
0.914707
-1.14332
0.118818
0.467828
0.965975
0.354189
-0.612663
-0.751457
-0.648222
-2.02509
-0.108477
0.318247
-0.35214
-0.109953
0.406418
0.493909
0.642144
0.0255109
-0.132389
-0.554641
0.402064
0.320944
0.546357
