1.53881
0.805864
1.5492
1.48037
1.63477
1.73143
1.16078
1.51276
1.50513
0.913327
1.53443
1.76616
1.00578
1.8459
1.26512
1.54116
1.41694
2.4133
1.38231
1.14418
1.33448
1.46563
0.187883
1.48069
2.48133
0.909348
1.19289
1.05597
1.43331
1.71388
1.83658
1.43265
1.87903
1.16688
1.86909
2.05236
0.790145
0.995405
1.72472
0.645164
1.04531
0.402094
1.26482
1.56239
1.40608
1.57897
1.6959
1.49425
1.19233
1.07713
1.5277
1.799
1.34244
1.26697
0.776199
1.31852
1.31515
0.534424
1.73958
1.4907
1.43841
0.970729
1.44375
1.24078
1.11467
0.896317
1.60083
1.49085
1.56624
1.19174
1.53858
1.35616
0.915737
1.39814
1.65516
1.09074
1.41243
1.09011
1.42696
1.98679
1.67583
0.897636
0.722703
1.51627
1.04129
1.3574
1.52725
0.942528
1.87278
0.851052
1.41132
1.28557
0.978747
1.75529
1.49989
1.60817
1.45198
1.51448
0.854644
1.77952
1.45379
1.17106
1.49797
1.81317
1.23254
0.717016
2.28858
1.20622
1.64089
0.849687
1.17148
1.40082
1.48095
1.24725
1.86012
1.18772
1.63189
1.448
1.52874
1.23556
0.420281
1.636
1.31249
1.15195
1.8695
1.4014
0.829595
1.26621
1.1759
1.27441
1.17902
1.29979
1.76963
0.770469
1.72492
1.08395
1.92547
1.43197
1.33003
1.39112
1.97436
1.58691
1.43484
1.53514
1.55187
-0.357479
1.1739
1.03235
0.955656
1.5526
0.912922
1.62129
1.43608
1.47799
1.83452
1.27535
1.25242
0.828808
0.878066
1.10988
1.29688
1.46107
1.29612
1.82747
1.06503
1.23861
1.38745
2.05697
0.943453
1.5445
1.57502
1.43459
1.75416
2.24025
1.05345
1.22662
1.89517
1.48179
1.76245
1.40161
1.37247
1.00278
1.53672
2.04966
1.92775
1.60644
0.979537
1.31558
0.507486
1.09884
1.17666
1.43332
0.518652
1.35407
1.18393
0.938423
1.4546
1.62962
0.789289
1.25132
