0.818214
0.254473
0.393576
-0.202707
0.694551
0.213982
0.305049
0.0467657
-0.0987714
0.340272
-0.358999
0.695337
0.0405598
0.501084
0.0135581
-0.388285
0.228788
0.327666
0.220854
0.140023
0.793096
0.170039
0.594263
-0.170148
-0.099569
0.215873
0.458488
0.400784
-0.259951
0.241218
0.454107
0.347214
0.340155
0.0312247
0.40479
0.456434
0.163353
0.607599
0.32944
0.402063
0.213598
0.0621023
-0.181535
0.7105
0.560148
0.422166
-0.22386
0.847417
-0.0666972
0.0910169
-0.0319701
0.934704
0.407673
0.692245
0.119176
0.70852
-0.257255
0.45111
0.0595953
0.398907
0.240486
0.174631
0.283189
0.196558
0.651839
0.154082
0.621487
0.401496
0.425495
-0.0455992
0.213529
1.10316
0.490278
1.0956
-0.0680487
0.559657
0.078254
0.319711
0.45869
0.588762
-0.0228996
0.568123
-0.00366333
0.652697
0.371931
0.281743
-0.254344
0.410341
0.583162
-0.107713
0.390299
-0.198575
0.0542631
0.364087
0.303357
0.343566
0.804296
0.42058
0.53219
-0.0538061
0.224094
0.197984
0.503616
1.41655
0.103053
-0.574122
0.531789
0.251855
0.423341
-0.386794
0.706196
0.41844
0.293
-0.0466516
0.566455
0.12711
0.097746
-0.425999
0.176216
-0.039427
0.56108
0.136728
0.641704
0.151726
0.205078
-0.025151
0.145573
0.583462
-0.300844
0.165233
0.498125
0.165412
-0.0617438
0.533354
0.730694
0.543254
0.491078
0.752295
0.736373
0.539479
0.490861
0.441583
0.365403
0.325315
0.671368
0.576488
-0.144771
-0.0817887
0.764692
0.0759492
0.311057
0.659168
0.455981
0.8266
0.538695
0.422598
0.687636
0.595789
0.620627
0.498725
-0.224654
0.491541
0.205827
0.126359
0.572492
-0.079667
0.439607
0.521922
0.509205
0.185953
0.144918
0.0913027
-0.295915
0.11476
0.841172
-0.214621
0.541458
0.469554
0.46363
0.621677
1.27291
0.460326
-0.0150481
0.763178
0.590627
0.944661
0.115971
-0.102655
0.141393
0.292929
0.284116
-0.113315
0.772876
0.0961165
0.0120758
0.250815
-0.0435451
0.376374
0.224332
0.356625
