4.70458
4.78532
5.98602
4.53433
4.45382
3.83892
6.03352
5.84157
5.99658
4.17876
6.06367
6.63551
4.84084
5.73159
5.45523
5.36073
5.50557
6.04143
5.69161
5.40444
5.13547
6.10031
5.57362
6.05422
5.9001
4.72859
6.0884
4.56071
5.05807
5.57534
5.49105
5.06837
5.27561
4.00538
5.58532
5.68274
5.90265
5.43558
4.80958
5.32277
4.59116
4.367
5.28123
5.44594
5.32288
5.24146
5.3131
5.14709
4.49996
5.29605
6.02201
5.63438
4.61642
5.42432
5.56988
6.31515
6.03093
4.89747
5.52461
4.84089
4.85027
6.20548
5.6914
5.12161
4.84212
4.88235
5.08271
5.82791
5.7975
5.05853
5.58359
4.98549
5.86788
5.85434
5.11057
6.32652
5.8566
5.16529
5.19057
5.85921
5.77378
5.09108
5.19035
4.34424
4.70323
4.84638
6.06831
5.68018
5.83809
4.95168
4.8321
5.28482
5.53278
6.06713
5.31686
5.33258
6.09052
5.81248
5.44761
4.90426
