4.74649
4.53761
5.19041
4.33396
3.66608
3.45268
5.53815
5.11121
5.12236
4.18215
5.87594
6.29315
3.89117
4.94662
4.67887
4.94687
4.27662
5.08174
5.32081
4.4494
4.45676
6.31068
5.59978
5.15787
5.48855
3.90083
5.6526
4.44841
4.69532
5.12723
4.87961
4.60175
4.73748
3.54557
5.16116
5.54698
5.64601
5.30083
4.70561
4.83845
4.23518
3.6346
4.70184
5.54729
5.16575
4.63724
5.29741
4.5005
3.19866
4.82332
5.82902
5.31098
4.03353
4.95104
5.15799
5.74515
5.4675
4.22639
4.59557
4.4293
4.55137
6.08238
5.65613
4.69603
3.81192
4.25439
5.03026
5.17725
4.90792
4.4412
4.83644
4.80845
4.64039
5.1252
4.44347
5.84947
5.35964
4.57575
4.37864
5.53452
4.60321
4.50385
4.44653
3.32221
4.3114
3.85547
5.41093
5.32645
5.02053
4.57518
4.24557
4.68887
4.89518
5.81596
5.42838
4.75578
5.30036
5.70026
4.94849
4.48303
