-0.0291305
-0.628238
-0.638842
-1.61004
-0.0290878
-0.528915
0.513819
-1.14995
-1.3195
-0.575347
-2.26596
-0.302829
-0.671262
0.470301
-1.00246
-1.25843
-0.481708
-1.18403
-0.793661
-1.14516
0.208842
-1.44507
-0.80712
-1.12724
-0.131784
0.292202
-0.612263
-0.177542
-0.615917
-0.664031
-1.591
0.227
-0.537434
-1.11862
-1.37267
-0.0543529
-0.0455375
0.660202
-1.43635
-0.273726
-1.39533
0.199276
-1.02933
-0.372503
-0.716434
-0.175945
-1.44341
-0.578403
-0.154294
-1.73995
0.324072
-1.52331
-0.40224
-0.167967
-1.11776
-1.18032
0.464916
-0.00372452
-0.975016
-1.22537
-0.346086
-0.117006
-1.73733
-0.696372
-0.24773
-0.620841
-0.974148
-0.699142
-0.755362
-0.407902
-1.5016
-0.366829
-0.319073
-0.687392
0.579051
-0.993413
-1.02965
-0.875253
-0.166809
-1.0886
0.00816897
0.109512
0.283407
-0.37647
-1.26943
-1.05991
-0.408285
-0.930695
-1.62157
-0.484346
-0.0207943
-0.515625
-1.2143
-1.42293
-0.91074
0.189495
-0.677185
-1.84658
-1.07924
-0.794026
-0.678004
-0.839325
-1.90285
0.304797
0.0308209
-0.0583575
-0.171366
0.62128
0.20622
-2.1438
-1.44234
-0.63515
-1.00907
-0.188833
-1.17842
-1.32337
-0.986747
-0.576401
-0.0663046
-0.488269
-1.83431
-0.623631
0.081257
-0.810756
-0.119384
0.306026
-1.14974
-1.95216
-0.562664
-2.00018
-0.569994
-0.52866
-0.619285
-1.68111
-1.12616
-1.24889
-1.03245
-0.47166
-0.602047
-1.03965
0.530378
-1.4426
-0.305825
-0.391773
-0.707313
-0.0750624
0.164034
0.80052
-0.782821
1.08857
-0.769144
-1.16193
-0.781486
-0.635715
-0.339827
-0.481209
-0.255276
-1.36589
-1.96558
0.379924
-0.612096
-0.362698
-0.880108
0.104088
-0.602858
-2.55165
-0.611932
0.0259234
-1.32319
-0.418417
-0.351066
-1.446
-1.04573
-1.01409
-1.80371
-1.9818
-1.19702
-1.68418
-0.0776095
0.189633
-0.916968
-1.34943
-1.40032
-0.644323
-0.240939
-1.4358
-0.137877
-1.16113
-0.856305
0.0690494
-0.172288
-1.84494
-1.61888
-1.03479
-1.08734
-0.176788
-0.0828704
-0.925624
0.41518
-0.968516
-1.24255
0.0433643
0.0288271
-1.85465
-1.14349
-1.16739
-0.811
-0.762735
0.519847
-1.70814
-0.330758
0.58743
-0.845425
-0.442788
-0.300154
-0.464125
-0.204147
-1.34322
-0.383239
-0.605442
-0.162789
-0.951483
-1.16132
-0.0535094
-0.742076
-1.29079
-0.161275
-0.746161
0.336197
-0.468915
-0.00263728
0.303876
0.051259
-0.728238
-0.498563
-0.56198
-1.09373
-0.421538
-1.31168
-0.71229
0.0645825
-0.366866
-0.86277
-0.52069
0.283112
-0.3207
-1.09002
0.117817
-0.738152
0.425852
0.68251
-0.438823
-0.324013
-0.14651
-1.44546
-1.45228
0.0471884
-1.55364
-0.784783
-1.16771
-0.78135
0.500965
-0.678986
-0.507895
-0.535776
-0.455831
-0.941889
0.0401772
-0.707198
0.20978
-0.460859
-0.356869
-1.27378
-1.07023
-1.63241
-0.430402
0.463632
-0.72136
-1.37777
-1.45996
-0.937593
-0.124942
-0.67024
-1.31411
-1.62289
-0.231183
0.453988
-1.96642
-0.0681629
-0.677299
0.0830577
-1.25385
-1.03049
-0.819526
-0.38658
-1.22296
-1.28131
-1.4483
-0.117458
-0.886517
-1.63382
-0.77365
0.136753
-0.742866
-1.37887
-0.419834
-1.0234
0.444463
-0.823568
-1.15257
-1.62409
-0.123049
-1.89598
-0.545694
-0.629863
-0.691312
-0.986263
-0.897495
-0.442169
0.0297657
-0.31142
0.0264604
-1.1201
-0.969004
-0.477536
-1.17283
-0.932156
-0.418129
-0.906223
-0.938701
-0.847663
-0.862559
1.00166
-1.95023
-0.351194
0.260589
-2.06791
-1.42071
-0.900842
-0.283455
-0.394613
0.744862
-0.450261
-1.3907
-0.475685
-0.402296
-1.05636
-1.44689
-0.700184
-0.311155
0.0433838
-0.365534
-1.15431
0.306477
0.376912
-0.471636
-1.13295
-0.972725
-0.649297
-0.749687
-0.192048
-0.729943
-0.910742
-0.88171
-1.11772
-0.562564
0.233774
-1.52309
-2.2198
-0.481359
0.675939
0.353606
-0.204349
0.151068
-1.36549
-0.492522
-0.54386
-0.926098
-0.864104
-1.94546
-1.17759
-1.06387
-0.684462
-1.10245
0.270084
-0.286483
0.0782988
-0.641043
0.485839
-0.939397
-0.163952
-0.763333
0.492877
-1.55615
-0.512578
-0.904189
-1.52587
-0.788254
0.0330828
-0.505086
-0.338831
-0.47639
-1.48063
-1.50845
-1.87949
-1.07123
0.234856
-0.773458
-0.383335
-0.282781
-0.721663
-0.160001
-0.243852
-0.40817
-0.0988997
-1.46782
-0.235801
-1.01421
-0.486991
0.202642
-0.425173
-1.82072
-1.35811
-0.991931
-1.38579
-0.310302
0.432667
0.268191
-0.285723
-0.482162
-0.788898
0.395021
-1.18837
0.244756
-0.32894
-0.53473
0.483054
-1.0312
-0.833944
-0.00728731
0.819841
0.377342
-0.705788
-0.064663
-0.543937
-0.00797515
-0.702636
-0.93586
-0.429315
-0.00602392
-0.0632789
0.324468
-0.30167
0.00545548
-0.172871
-0.387992
-1.05516
-0.453447
-0.0977814
-1.0738
0.674384
-1.60641
-0.581567
-0.930675
-0.879668
-0.084573
-1.05579
-0.36811
-0.802882
-0.120443
-0.218482
0.0891651
-0.234352
-1.47855
-1.29505
-0.148115
-0.522881
-0.671455
0.451922
-0.177824
0.464295
-0.106701
-1.6049
-0.789588
-1.63504
-1.09334
-0.398062
-2.09855
-1.08611
0.282538
-0.506707
-0.334706
-0.910677
0.19718
0.561614
-0.775722
-0.644336
-0.378164
-0.639238
-0.694087
0.789957
-0.176645
-1.74132
0.0185901
-0.0320079
-0.631345
-0.467987
-1.1715
-0.696773
-1.42129
-0.385951
-0.970535
-0.689948
-0.904438
-0.428639
-0.145313
-0.115972
-0.0784862
-0.818898
-0.0631344
0.103785
-0.77839
-0.353688
-0.258011
-1.37327
-0.586647
-0.407653
-1.79815
-0.532016
-0.244655
-1.26888
-0.603719
-1.53498
-0.83853
-0.449418
-0.322085
-0.579962
-0.778103
0.173644
-0.760524
0.260086
-0.638801
-0.49742
-1.27637
-0.921045
-0.293948
-0.51571
-0.433879
-0.667928
0.168706
-0.830477
-0.475828
-1.05605
-0.618862
-0.943161
0.50604
-0.811145
-0.256641
-0.348558
-0.181239
-1.08574
-0.0505108
-0.625489
0.489279
-1.28349
-0.36942
-1.07645
-1.7251
-1.07662
-0.235024
-0.917714
0.290191
-0.0844326
-0.365017
-1.18309
-1.66406
-0.92689
-0.766263
-1.23237
-0.872955
-0.357235
-0.885314
-0.305314
-0.567987
-0.714769
-0.284573
-0.486776
0.155714
-0.854116
-1.88907
-0.650585
-1.33542
-1.12346
-1.21538
-0.809859
-0.207207
-0.951296
0.446035
-0.44541
-1.5938
-0.240666
-0.554995
-1.28821
-1.11244
0.0160916
-0.971801
-0.930555
-0.231035
0.581589
-0.462712
0.36419
-0.753068
-1.06323
-1.00464
-1.33049
-0.887228
-0.031032
-0.358068
-0.0309873
-0.298824
0.0895222
0.0851078
-1.0851
-0.487652
-0.895683
-0.974152
-0.418513
-0.852277
-1.52808
-0.969284
-0.888834
-0.549841
-1.76691
-1.84399
-0.872337
-0.352172
-1.00766
0.0700084
-0.291615
0.396505
-1.25981
-0.513404
-1.02906
-0.668575
-0.874401
-0.479869
-1.19097
-0.837903
-0.242773
0.565522
-0.0057106
-1.16066
0.577548
-1.72951
-0.743946
-0.412793
-0.648139
-1.1216
-0.844006
-1.09801
-1.33243
-0.156362
-0.805944
-0.0939727
-1.02374
-0.825539
-0.380917
-1.00219
0.549988
0.337485
0.0811542
-1.42297
-0.514126
-0.431724
0.188019
0.0401422
-0.824551
-1.12723
-0.307352
-1.31612
-0.866233
-0.884465
-0.118142
-0.811115
-0.999097
0.0626255
-0.493176
-0.793994
-1.42979
-0.227267
-0.0990574
-1.02069
-0.377518
-0.623743
-1.0536
-1.32711
-0.271628
-0.392637
-1.38124
-0.474598
0.0633127
-1.99168
-0.118933
-0.420865
-2.10051
-1.51618
-0.569269
-0.00253458
-0.852994
0.469976
-0.496907
0.765448
-0.933208
-0.459711
0.175657
0.150088
-0.668044
0.0492252
0.343869
-1.80999
-0.0972667
-0.0679404
-0.544217
-0.39971
-0.697851
-2.46624
-2.13673
-0.120106
0.282857
-0.644808
-0.911185
-0.290627
-0.897339
-0.475249
-0.612287
-0.878835
-1.67926
-1.16592
-0.297181
0.188549
-0.0839969
-1.34378
-1.23275
0.0259619
-0.704582
0.347555
-1.04796
-0.981237
-0.517534
0.388842
-1.06934
-0.218092
-1.19614
-1.12858
0.331848
-0.785641
0.417806
-0.0401518
-1.04439
-0.892723
-0.243803
0.262618
-0.555961
0.850932
-0.808836
-0.100263
-0.483193
-0.72386
-0.427007
-0.0585766
0.013248
-0.976357
-1.30768
-1.38078
-0.550803
-0.0972439
-0.59819
-1.34823
0.0116764
-1.21078
-0.0277521
-0.188059
-2.25961
-1.79591
-0.324233
0.388908
-0.958546
0.664897
-1.66668
-0.762734
-0.389352
-0.631373
-0.163547
-0.506813
0.331815
-1.0834
0.162954
-0.0461513
-0.871332
-0.942364
-0.643022
-1.59613
0.0860441
-0.309674
-1.70964
-1.05156
0.182656
-1.00953
0.209507
-0.515128
-0.63145
-0.387409
-0.172474
-0.889752
-2.08708
-0.355153
-1.07301
-1.03448
-0.463763
-0.0157604
-0.407518
0.367001
-0.987661
-1.07766
-0.266978
0.0679529
-0.0262281
-0.283104
0.113998
-0.987613
-1.33463
-0.873486
-0.777607
-1.07239
-0.179059
-1.25489
-0.145921
-0.961503
-0.122333
-0.312532
-0.337146
-1.42591
-0.513657
-0.508623
0.435717
-0.862847
-1.42322
0.555609
0.00473047
-1.03626
-0.724808
-1.01276
-0.602441
-0.856572
-0.434152
0.166315
-0.911573
0.597644
-0.186211
-0.59732
-0.0833943
-0.82793
-1.40589
-0.797677
-0.332352
-2.30477
-2.01663
-0.404338
-1.9374
0.403202
0.0276768
-0.192321
0.120991
-0.866329
0.107632
-1.13382
0.293748
-0.664808
0.122184
-0.77937
-0.991758
-1.38688
-0.815287
-0.775704
-0.603913
-1.01503
-0.407864
-1.5139
0.861148
-1.63795
-0.323846
-0.444869
0.0469897
-0.520975
0.286754
-0.935308
0.407132
-0.695283
-1.22087
-1.57081
-1.16224
-0.292948
0.207562
-0.929601
-0.731222
-0.0802057
-0.590335
0.0896953
-1.38591
-1.10484
-0.655869
-0.936248
-0.296986
-0.347676
-0.761672
-1.36336
0.106584
-0.904431
-0.944003
-0.677616
-1.152
-0.725444
-0.299531
-0.360263
-0.662311
-0.0207725
0.154284
-0.251132
-1.19443
-1.07053
-0.846794
0.0376529
-0.914319
0.0585271
-0.668758
-0.19113
-1.35959
-0.135994
-0.340787
-0.0484697
-0.888545
-1.74528
0.266924
-1.10385
-1.30015
-0.153677
-0.302419
-0.954232
0.107259
-0.79181
-0.775536
-0.768445
-0.430331
-0.124662
-1.04366
0.0057927
-0.229166
-0.417778
0.78326
-0.484227
0.305139
-1.27875
-0.568917
-0.515356
-0.243853
-1.11899
-0.105143
-0.0384081
-1.25659
0.09611
-0.739715
-1.28177
-0.744163
-0.700655
-0.395689
0.249106
-0.859683
-2.07216
-1.08862
-1.07358
-0.885823
-1.47802
-1.34596
-0.329929
-1.26604
-0.0668357
-0.0635839
-0.739884
-0.624845
0.106535
-1.1222
-0.6695
-0.199121
-1.18611
-0.662474
-1.33266
-0.586892
0.339798
-1.26975
-0.166996
