0.766437
1.02791
0.935298
2.19156
1.13195
0.624907
0.258921
-0.443638
0.491811
0.657162
0.454881
1.0069
0.69624
0.666475
0.285349
1.17665
1.01727
0.692002
0.921304
0.568053
0.493473
1.28726
0.440777
-0.242866
0.509569
0.997717
0.525429
0.258062
1.21429
1.57592
1.13045
0.304925
0.894384
1.31389
1.73741
0.104052
1.51625
0.700888
0.733005
0.496211
0.663375
0.935238
1.03536
0.375749
0.174594
0.47549
0.265871
1.5187
0.346194
0.682833
1.6155
0.350791
1.2688
-0.428817
1.04065
0.755778
1.29211
0.544793
1.74537
1.81338
0.700188
1.2077
0.249679
-0.160615
-0.0871125
1.15364
0.804052
1.26218
0.0693608
0.877503
0.158039
0.669596
1.40653
1.39525
0.958939
0.0850642
0.489946
0.695452
0.941758
0.267483
0.259685
0.550345
0.87605
-0.0631811
1.16332
0.888898
1.61363
-0.0876063
0.890042
0.521685
0.78292
0.241459
1.21923
0.462979
0.451831
0.449544
0.633626
1.45072
0.549798
1.04674
0.156184
1.02125
-0.0164376
0.487436
0.693494
0.847893
1.44957
0.725173
0.289053
0.967322
1.74457
0.554318
0.853871
0.488286
0.295459
-0.423592
0.256536
0.701757
0.728424
1.0356
1.21983
0.765493
0.0803746
-0.253659
0.169023
0.703228
1.09135
0.514059
-0.286563
0.869968
0.688302
0.467377
-0.131979
1.16286
0.227648
0.88184
0.462946
0.556875
0.690642
-0.110419
0.0479077
0.381357
0.851948
0.456321
-0.0374046
0.142395
0.086567
0.985563
0.951511
0.485661
0.00278435
0.91042
1.46924
1.02274
0.164196
0.816454
-0.0923406
1.23358
0.990989
0.857396
0.502086
1.32364
1.62467
0.082493
0.445589
1.08251
0.749729
0.886726
0.399326
1.43984
0.653071
0.4709
1.10316
0.0848696
0.971944
0.679676
0.325111
0.701399
0.195736
0.143459
0.00814679
0.476381
0.852296
0.138071
0.716393
0.0707905
1.17612
0.466774
0.864247
1.07904
0.880669
-0.116629
0.619414
0.786169
0.557055
0.602098
0.433423
0.913332
1.69802
0.800706
1.57397
0.43079
0.647453
1.01361
0.511104
0.935954
0.537122
0.692901
1.50935
1.07189
1.39768
1.9422
1.04475
0.985742
0.513458
0.599355
0.739999
0.801461
0.477585
0.680142
0.968577
1.2096
0.165342
0.504654
0.579564
1.12369
1.06891
0.888137
0.835487
0.87282
1.02296
0.319169
0.268879
1.43644
0.30061
0.972073
0.420102
1.33894
0.698824
1.03102
1.15719
1.2685
1.29622
0.560666
0.642309
1.1901
-0.040979
0.533377
0.283635
0.285487
0.357046
0.600622
0.175909
0.6389
0.635302
1.35041
1.10732
1.60613
0.461665
0.385819
0.682923
1.10425
0.876386
0.728592
0.327783
0.949395
0.947822
1.23491
0.651777
0.369889
0.972655
0.935865
0.647497
0.468945
1.03227
1.01403
0.652926
1.09501
-0.10935
0.954306
-0.0941287
0.51314
0.250717
1.0928
0.847509
0.721643
1.01397
0.500635
0.945776
0.154503
0.943666
0.773013
0.883237
0.567155
0.89547
1.41767
-0.555204
0.979716
-0.00606469
0.634665
1.16701
0.878882
0.340506
-0.131018
0.535361
1.05174
0.785911
1.56679
1.17454
0.841704
0.825715
0.837876
-0.0226693
0.492892
0.679179
0.979984
0.872467
1.71582
0.193745
0.523554
0.729508
0.414764
0.987256
1.00718
0.766643
0.359616
0.653827
1.34278
0.680808
1.20988
-0.113125
0.314747
0.445038
0.389781
1.26428
1.34749
0.629036
0.351346
1.7475
0.698769
0.654915
0.584178
1.03631
1.19235
0.801223
0.381879
0.760038
1.46083
0.587912
0.114393
0.530694
0.776816
1.30216
0.406545
0.519598
1.02744
0.855545
0.714395
0.957835
0.586038
0.975427
1.39178
0.387102
0.255082
1.20573
0.3224
1.39521
1.21073
1.10775
0.858267
1.63275
0.487427
0.574148
-0.0529029
0.532601
0.0731196
1.12004
1.01112
1.3692
0.725826
0.679379
0.880716
0.710143
0.854555
0.768805
0.838635
0.768018
0.638438
-0.0248976
0.382248
0.626486
0.717056
0.861575
0.952178
1.08602
0.583418
0.0243639
0.930465
0.256375
0.847893
0.429292
1.12871
1.52137
0.675114
1.16237
1.01859
0.652495
1.70752
1.28041
1.067
1.36083
1.05291
0.736269
0.799163
0.439627
0.230296
1.19554
0.697588
0.871244
0.987263
1.31355
0.183547
0.42901
0.621876
0.75534
0.741169
0.751144
0.876466
-0.236239
0.525938
1.53638
0.903225
1.14962
1.2974
1.00553
0.667104
0.622194
0.623698
0.707256
1.30495
0.271769
1.08115
0.779011
0.873184
0.843455
1.59199
0.233771
0.713051
1.25111
0.866477
0.995838
0.514748
0.350492
0.493255
1.41671
0.771145
1.683
1.1793
1.03067
0.356549
0.252448
0.489989
0.815504
1.09223
1.24143
1.28232
1.07292
1.08091
1.03589
1.15618
1.38605
1.5204
0.485615
1.00229
1.50376
0.772934
0.817782
0.08888
1.05076
1.48739
0.524451
0.984959
0.909734
0.964072
0.167057
0.449011
0.749177
0.428104
1.61723
-0.361279
1.06803
0.698113
0.902285
0.273675
-0.0833287
1.04379
0.419674
0.562679
0.594658
0.902255
0.731137
0.707593
0.354381
0.554066
1.00796
1.25189
1.86809
0.408177
1.15471
0.487061
1.32028
0.418016
1.02779
0.042384
0.915832
1.21125
0.700719
0.913273
1.47178
0.797101
0.612486
0.142384
1.02538
0.04652
0.867312
0.842218
0.0151817
0.968983
0.93836
-0.260586
1.02977
0.278713
1.06215
1.50219
1.15388
1.67263
1.073
1.00523
0.433686
0.888927
1.58574
1.06991
0.187189
1.04598
0.392551
0.555721
0.845094
0.795299
-0.444354
0.359722
1.20604
1.14664
0.332759
0.7246
0.922667
0.278555
0.823883
0.971054
-0.69275
0.852644
0.765701
0.122469
-0.112031
0.571793
0.23095
0.86305
0.284717
0.0731733
0.98271
1.11823
0.279661
0.510369
0.872323
1.22006
0.424172
0.56459
1.47659
1.01974
0.604843
0.631607
1.02467
0.291241
0.861304
0.649601
0.893308
1.0771
0.422794
-0.114584
0.847586
0.760454
0.521396
-0.340265
1.63539
0.65439
0.719347
0.286288
0.872599
0.425059
0.0332824
1.09157
1.0868
0.677015
1.02114
0.926898
1.05128
0.368587
0.591115
0.232101
0.561942
0.835375
0.175041
0.235304
1.11723
0.72168
1.4805
0.0429571
-0.0177051
1.81766
0.730401
0.588953
0.864798
0.569725
0.613619
1.10042
0.914011
0.230234
0.54542
0.500536
0.563144
0.884131
1.32472
0.840951
1.37684
0.692148
0.326442
1.10706
0.964951
1.00465
1.02386
-0.477266
0.609302
0.186831
0.962765
0.844194
0.0287179
1.21551
0.635677
1.3443
0.583843
0.450524
0.721413
0.990993
0.382541
0.921199
1.01325
0.309552
0.54854
0.58384
0.519364
0.554087
1.33726
0.605375
0.608876
0.46995
-0.193693
1.47589
0.598848
1.24886
0.69644
0.894597
0.637792
0.775638
0.759739
-0.0665941
1.12479
1.31473
0.911982
1.06083
0.942843
0.763595
0.955769
1.03039
0.955085
-0.368858
0.405819
-0.0567724
0.848804
0.37037
1.07341
0.42983
0.324515
0.393621
1.13463
0.0266925
0.345775
0.483942
0.9674
1.00379
0.416712
0.741027
1.05272
0.964106
0.302453
-0.486534
0.156071
0.735664
0.515045
0.298989
0.907079
0.435359
0.575765
0.0611952
0.319314
0.278409
1.01738
0.409035
0.955989
1.31537
0.376416
0.934843
0.543674
0.953122
0.596451
0.594274
0.626771
-0.0698858
0.702522
0.829526
0.0596505
0.763435
0.691882
0.913127
0.673321
0.767145
0.260627
0.855133
0.681704
0.496246
0.585764
0.689683
0.363409
1.50872
0.649626
0.676059
1.06179
1.18063
0.704464
0.809948
0.932037
0.797253
1.65154
0.408967
0.520028
0.437227
0.712506
0.308772
0.247694
0.637619
0.736607
0.171778
0.788541
0.782325
0.473125
-0.403547
0.608629
0.940894
0.762697
0.197584
1.23052
1.15737
0.910329
1.27437
0.680318
0.962879
0.790619
1.1621
0.838421
0.226896
0.67139
0.580585
0.965169
0.479965
0.274965
0.375308
-0.177583
0.592958
0.900562
1.60897
0.0372319
0.892797
0.484396
1.41394
0.81851
0.192363
0.370292
1.07381
0.594155
1.12585
0.653191
0.883651
-0.0353629
0.147344
0.291694
0.625684
1.10404
0.71463
0.57153
0.557406
-0.11546
0.144281
0.506749
1.00332
0.164791
0.789803
0.589056
0.778021
0.713181
0.860164
0.942565
0.496665
1.4008
0.926395
0.81206
0.952816
0.175873
1.13926
0.417763
0.369845
0.248448
1.22073
1.83963
0.151167
1.04761
0.636336
0.59213
0.290839
0.329957
1.39313
0.230472
-0.502621
1.32004
0.362453
0.62522
0.943339
0.624859
0.0754833
2.01861
0.79113
0.397997
1.05002
0.904799
1.32744
0.891708
1.25965
0.15217
0.887488
0.590486
0.871198
0.971119
0.00780247
0.585288
0.156648
0.448155
1.01837
0.688094
0.304805
1.14989
0.870688
1.49781
0.683018
0.150522
0.580591
0.619661
0.542437
1.13689
0.905877
0.765427
0.695828
-0.332025
0.423641
0.767595
0.58544
0.495122
0.114669
0.773867
0.645122
0.0340853
0.528061
0.394848
0.156723
1.12995
0.439444
1.3514
0.447078
1.10477
0.307202
-0.068991
0.677898
0.179445
1.29001
1.10694
0.739096
0.719955
1.26871
0.646435
0.431255
1.00443
0.968957
-0.0649156
1.49915
0.322014
0.537087
0.277936
0.793546
0.0339579
1.60001
0.0921162
0.489135
0.665634
1.3455
0.539022
0.933102
1.38186
0.795124
0.512982
0.663956
0.782758
-0.400676
0.732784
0.679928
0.199867
0.951425
-0.553629
0.256877
0.873324
0.364589
-0.0854508
1.27137
0.939277
0.76523
0.527352
0.522913
1.43999
1.12472
0.607832
0.81012
0.490633
0.150448
0.715705
1.39583
0.532577
0.588977
0.522239
0.83412
0.918794
1.20593
1.04878
0.256481
-0.136505
0.723598
1.24128
0.544892
0.549579
0.445022
0.0702047
0.87583
0.716668
0.470188
0.0460507
0.164505
1.17714
1.05858
0.278066
0.49164
0.882571
0.60466
1.41047
1.12114
0.442079
0.96384
1.59334
0.678565
1.2778
0.344443
1.42687
0.897876
0.513277
0.294245
0.497916
1.1781
0.436566
1.14892
1.05292
0.930626
0.844793
1.20572
0.458525
0.450631
0.479704
0.992807
