-0.919419
-0.53783
-0.645914
-0.211111
-0.0941425
-1.10705
-0.851127
7.70176e-05
0.237931
-0.461825
-0.333049
-0.781507
-0.836043
-0.354507
-1.09388
-0.430881
-0.234308
-0.409734
-0.174792
-0.412375
-0.327089
-0.0774257
-0.325806
-0.432631
0.118399
-0.794202
-0.908856
-0.669346
-0.717469
-0.343852
-0.794521
-0.270936
-0.419283
-0.671166
0.191795
-0.424873
-0.378922
-0.667503
0.0706747
-0.498877
-0.545262
-1.13623
-0.390191
-0.494654
-0.494688
-0.265626
-0.655476
-0.462536
-0.622156
-0.384074
-0.280565
-0.715215
-0.996313
-0.313915
-0.823288
-0.14857
-0.764571
-0.596518
0.132644
-0.503554
0.305383
-0.34443
-0.642456
0.0140352
-0.245394
0.355883
-0.0885567
-0.663596
-0.12884
-0.909837
-0.216756
-0.142635
0.00424095
-0.032706
-0.681542
-0.676379
0.334202
-0.221239
-0.465698
-0.325302
-0.175784
-0.880013
-0.867893
0.106709
-0.559164
0.104978
-0.269286
-0.702734
-0.896159
0.344257
-0.857276
-0.705614
-0.282271
-0.720608
-0.759678
-0.154648
-0.788788
-0.245267
-0.527811
-0.434621
0.121758
-0.940555
-0.253755
-0.461012
-0.0439968
-0.235926
-0.7193
-1.0275
-0.633193
0.130149
-0.629313
-0.811407
-0.573145
-1.10605
-0.506039
-1.04066
-0.111121
-0.441573
-0.612866
0.387419
-0.492895
-1.09715
-0.850708
-0.361513
-0.116815
-0.899797
-0.766112
-0.134472
-0.536253
-0.990417
-0.831277
-0.110725
-0.639843
-0.381889
-0.0682941
-0.372402
-0.0766676
-0.556856
-0.463098
-0.341699
-0.259343
-0.594123
-0.425709
-0.897612
-0.365484
-1.00044
-0.752467
-0.254226
-0.920838
-1.21976
-0.0593017
-0.562987
0.0570791
-0.583376
-0.346396
-0.251988
-0.555004
-0.687042
0.0605162
-0.690516
-0.700486
-0.614182
-0.60075
-0.471482
-0.795077
-0.20726
-0.237517
-0.226621
-0.374307
-0.608678
-0.666532
-0.325481
-0.0357392
-0.71283
-0.666368
-0.339342
-1.03884
-0.79969
-0.842424
-0.339046
-1.24227
-0.917607
-0.367138
-0.166256
-0.55064
-1.09074
0.298702
0.117729
-0.0570015
-0.402449
0.156079
-0.23424
-0.304888
0.277699
-0.521135
-0.836951
-0.32772
-0.463362
-0.116997
-0.599504
