-0.396757
-0.183781
-0.65921
-0.334828
-0.546726
-0.533449
-0.710955
-0.387689
-0.88489
-0.353747
-0.0654472
-1.15157
-0.459252
0.0603101
-0.124694
-0.383501
-0.906707
-0.409546
-0.516647
-0.567793
-0.481103
-0.408232
-0.822988
-0.604173
-1.02778
-0.66944
-0.790871
-1.09248
-0.992786
-1.01492
-0.34257
-0.508356
0.284703
-0.504391
-0.855678
-0.783169
-0.308116
-0.961863
-0.874638
-0.761583
-0.399947
-0.52431
-0.20163
-0.863042
-0.528621
-0.660103
-0.424672
0.097436
-0.650551
-0.546751
-0.632342
-0.769732
-0.695701
-0.394318
-0.243722
-1.40886
-0.483954
-0.218011
-0.0912275
-0.322428
-0.412169
-0.350971
-0.174164
-0.607144
-0.575786
-0.170376
-0.622278
-0.398915
-0.601868
-0.0899106
-0.416144
-0.482765
-0.382966
-0.631251
-0.587332
-0.67167
-0.453385
-1.08057
-0.162656
-0.214946
-0.614285
-0.694758
-0.679168
-0.676481
-0.906799
-0.341014
-0.780065
-0.409866
-0.882526
-0.538109
-0.398967
-0.64497
-0.80193
-0.454971
-0.0942138
-0.698175
-0.974145
-0.680487
-0.506581
-0.565588
-0.647137
-0.642407
-0.655275
-0.664778
-0.366148
-0.856026
-0.00591814
-0.666691
-0.160884
-0.173861
-0.355132
-0.924831
-0.487371
-0.656483
-1.01745
-0.131325
-1.01117
-0.837539
-0.0557689
-0.519035
-0.182625
-0.0114205
-0.675149
-0.354859
-0.193057
-0.502215
-0.919836
-0.55959
-0.212311
-0.635539
-0.469582
-0.342215
-0.325625
-0.59177
-0.511031
-0.760742
-0.421568
-0.47944
-0.768705
-0.136215
-0.508603
-0.53856
-0.404126
-0.664833
-0.897219
-0.643714
-0.306496
-0.433678
-0.51164
-0.701018
-0.446305
-0.277091
-0.376671
-0.427222
-1.04912
-0.0453021
-0.0534146
-0.295225
-0.0653896
-0.864349
-0.944964
-0.807018
-0.103074
-0.838338
-0.540445
-0.681762
-0.665053
-0.647562
-0.595526
-1.17838
-0.0586157
-0.788758
-0.401244
-0.795928
-0.205788
0.0105986
-0.430964
-0.765481
-0.723758
-0.819387
-1.0099
-0.547509
-0.535473
-0.490406
-0.567727
-0.870267
-0.279654
-0.415249
0.060539
-0.492304
-0.656454
-0.460066
-0.358553
-1.00688
-0.781122
-0.116413
-0.79243
-0.735005
-0.402248
-0.721202
-0.750918
-0.775418
-0.551663
-0.560583
-0.215582
-0.525964
-0.420806
-0.0361656
-0.539279
-0.981615
-0.024659
-0.830749
-0.764499
-0.869365
-0.459642
-0.564668
-0.517932
-0.122019
0.0535324
-0.343161
-0.482716
-1.08489
-0.497296
-0.437326
-0.985728
-0.310748
-0.968038
-0.710455
-0.218594
-0.512752
-0.4793
-0.360575
-0.0729428
-0.600316
-1.23465
-0.873093
-0.804252
-0.773847
-0.269699
-0.773182
-0.890736
-0.83661
-0.863396
-0.943907
-0.12115
-0.288125
-0.648329
-0.486288
-0.472542
-0.253381
-1.1703
-0.54106
-0.92161
-0.296914
0.147039
-0.0494643
-0.0597532
-0.659735
-0.925086
-0.18581
-0.488276
-0.663713
0.162816
-0.154467
-0.355158
-0.365077
-0.965338
-0.21205
-0.360304
-0.540851
-0.376056
-1.12492
-0.683592
-0.822337
-0.724237
-1.03057
-0.88289
-1.01425
-0.330686
-0.621227
-0.556998
-0.954459
-0.516873
-0.955825
-0.547543
-1.23761
-0.703246
-0.278934
-0.342183
-0.875567
-0.326242
-0.752416
-0.780821
-1.01645
-0.906077
-0.67099
-0.656896
-0.794095
-0.873841
-0.399241
-0.350975
-0.322081
-0.856634
-1.09286
-0.498707
-0.603526
-1.13042
-0.196354
-0.37774
-0.28419
-0.575341
-0.0719087
-0.11841
-0.556493
-0.754318
-0.901494
-0.784693
-0.443697
-0.741905
-0.38035
-0.900903
-0.450203
-0.317208
-0.536566
-0.504455
-0.750502
-0.617439
-0.623193
-0.921427
-0.982762
-0.975323
-0.704677
-0.562468
-0.311031
-0.854057
-0.538307
-0.424275
0.225781
-0.567074
-0.800221
-0.899528
-0.397945
-0.896333
-0.986374
-0.825382
-0.322169
-0.0398922
-0.52785
-0.789703
-1.31991
-1.0727
-0.573582
-0.620581
-0.244798
-0.576159
-0.567642
-0.391871
-1.32944
-0.474311
-0.403324
-0.283186
-0.687178
-0.525019
-0.807089
-0.182975
-0.517443
-0.591365
-1.22388
-0.88459
-0.326804
-0.916177
-0.354206
-0.582752
-0.234089
-0.0999297
-0.948194
-1.17737
-0.577085
-0.649754
-0.761855
-0.269627
-0.0721861
-0.538459
-0.377362
0.0639125
-0.947416
-0.765799
-0.331141
-0.942552
-0.65695
-0.408095
-0.60796
-0.995651
-0.83047
-1.22562
-0.160281
-1.14998
-1.07959
-0.99677
-0.135751
-0.602584
-0.662028
-0.0197108
-0.687923
-0.400015
-0.450369
-0.732554
-0.678562
0.0416315
-0.189438
-0.735053
-0.594213
0.0493054
-0.532755
-0.327524
-0.788418
-0.412899
0.071131
-0.760345
-0.354191
-0.639855
-0.573399
-1.12096
-0.72306
-0.514467
0.0627394
-0.687299
-0.153271
-1.44271
-0.753463
-0.698668
-0.294974
-1.00391
-0.445619
-0.462162
-0.306371
-0.560375
-0.226717
-0.289225
-0.254698
-0.710752
-1.14606
-0.679998
0.106101
-0.233461
-0.18806
-0.353457
-0.0450883
-0.880846
-0.714725
-0.583281
-1.14261
-0.58046
-0.716292
-0.184308
-0.784804
-0.499839
-0.882764
-0.856169
-1.10831
-1.44994
-0.164442
-1.0933
-0.537748
-0.3149
-0.841262
-1.08488
-0.663868
-1.02882
-0.685237
-0.473734
-0.88195
0.0899683
-0.885078
-1.11865
-0.247741
-0.79382
-0.352395
-0.445327
-0.837623
-0.242605
-0.726398
-0.269875
-0.225511
-0.694461
-0.900257
-0.623463
-0.593246
-0.557891
-0.606033
-0.54935
-0.828331
-0.11847
-1.02391
-1.0713
-0.136208
-0.960079
-0.799443
-0.934189
-0.322026
-0.236704
-0.388927
-0.877603
-1.07979
-0.587197
-0.369166
-0.748408
-1.29498
-0.770453
-0.216602
-0.279526
-0.401944
-0.458044
-0.332482
-1.29218
-0.582462
-0.178033
-0.461197
-0.44153
-0.572254
-0.274078
-1.18979
-0.520452
-0.828566
-0.192235
-0.661862
0.0904871
-0.985755
-0.321989
-0.762692
-0.361066
-0.38813
-0.881209
-1.2456
-0.251008
-0.334467
-0.891836
-0.537989
-0.918445
-0.223318
-1.00141
-0.442574
-0.430498
-0.0808455
-0.603033
-1.11867
-0.819096
-0.765275
-0.402053
-1.06662
-0.585641
-0.985198
-0.634493
-0.864179
-0.340669
-0.582196
-0.024243
-0.612937
-0.605902
-0.666067
-0.444599
-0.511202
-0.305339
-0.346613
-1.00067
-0.73039
-0.420141
-0.064519
-0.555346
-0.37891
-0.692423
-0.813814
-0.823837
-0.448772
-0.290788
-0.917078
-0.511562
-0.101211
-0.280577
-0.44766
-0.545201
-0.699044
-0.0745491
-0.594895
-0.631098
-1.42578
-0.622425
-0.628332
-1.12544
-0.322441
0.336156
-0.704715
-0.42872
-0.718449
-0.682502
-0.856383
-0.7028
-0.538836
-0.535866
-0.331883
-0.419539
-0.34728
-0.766931
-0.489785
0.10156
-0.771299
-0.518304
-0.59059
-0.754339
-0.625889
-0.434723
-0.622972
-0.899939
-0.390907
-0.757579
-0.491549
-0.592543
-1.17291
-0.77958
-0.345079
-0.542976
-0.091763
-0.657492
-0.0265828
-0.69726
0.49253
-0.674709
-0.289289
-0.555577
-0.323888
-0.419561
-0.64915
-0.384483
-0.459958
-1.26596
-0.810291
-0.529284
-0.7988
-0.657233
-0.719372
-0.0361327
-0.989907
-0.393819
-0.868536
-0.54711
-0.306654
-0.68839
-0.508966
-0.738398
-0.270449
-0.781661
-0.63931
0.0650748
-1.14183
-0.478238
-0.896748
-0.638348
-0.793802
-0.316957
-0.825054
-0.693384
-0.152226
-0.539847
-0.384911
-0.783662
-0.557043
-0.496001
-0.865616
-0.711967
-1.2144
-0.297793
-0.700825
-0.0197545
-0.955531
-0.451299
-0.358327
-0.7944
-0.771795
0.223727
-0.362268
-0.682482
-1.07123
-0.648693
-0.20099
-0.886347
-0.693654
-0.124798
-0.778781
-0.188722
-1.08201
-0.758658
0.360505
-0.352983
-0.885271
-0.37829
-0.444445
-0.217487
-0.74307
-0.85373
-0.699855
-0.394054
-0.0980845
-0.637442
-0.246392
-0.689283
-0.783867
-0.124584
-0.640896
-0.273677
-0.460072
-0.715032
-0.239169
-0.454059
-0.643445
-0.0181307
-0.88507
-0.681893
-0.644188
-0.799358
-1.07622
-0.278116
-0.0918864
-0.433181
-0.319607
-0.576561
-0.755406
-0.259215
-0.883534
-0.61458
-0.774506
-0.327229
-0.558456
-0.264772
-0.7507
-0.281486
-0.452176
-0.407918
-0.656267
-0.63099
-0.645034
-0.126826
-0.625499
-0.678968
-0.47718
-0.00821865
-0.3338
-0.550009
-0.678845
-0.618531
-0.656529
-0.824413
-0.702008
-0.675938
-0.825011
-0.664343
-0.927006
-0.617877
-0.432929
-1.08658
-0.460775
-0.840655
-1.11577
-0.016182
-0.374731
-0.721448
-0.35279
-0.560144
-0.253109
-0.742077
-0.555881
-0.518308
-0.619504
-0.60997
-0.267506
-0.625985
-0.236442
-0.552905
-0.485969
-0.435727
-1.109
-0.811215
-0.686033
0.0915229
-0.702917
-0.927885
-0.467428
-0.354396
-0.696121
-1.01139
-0.309304
-0.866766
-1.08797
-0.249271
0.0187931
0.334217
-0.703542
-1.17378
-0.187768
-0.824593
-1.0005
-0.339964
-0.49024
-0.465997
-0.903398
-0.787962
-0.757179
-0.639501
-1.11094
-0.334856
-0.944866
-0.178675
-0.69795
-0.738053
-0.83154
-0.498241
-0.0866872
-0.963999
0.138283
-0.390125
-1.2314
-0.680861
-1.47939
-0.943294
-0.338748
-0.787479
-0.951601
-0.538163
-0.970189
-0.239842
-0.641545
-0.433346
-0.313422
-1.06341
-1.17638
-0.731433
-0.401797
-0.854156
-0.673543
0.104696
-0.940284
-0.754048
-0.32537
-0.70798
-0.756476
-0.463775
-0.76052
0.194964
-0.365902
-0.28242
-0.848106
-0.263649
-0.600501
-0.295312
-0.129491
-0.60945
0.0261684
-1.17581
-1.17805
-0.707278
-0.268673
-0.80804
-0.309891
-0.683118
-0.914237
-0.58308
-0.400497
-0.573399
-0.207371
-0.587218
-0.559641
-0.631801
-0.2564
-0.812745
-0.437519
-1.09638
-0.800759
-0.13079
-0.454594
0.114841
-0.0273719
-0.618583
-0.496725
-1.23087
-0.743105
-0.513077
-0.824608
-0.170485
-0.0116329
-0.638214
-0.0438838
-0.225665
-0.599772
-0.7342
-0.53634
-0.887641
-0.376626
0.224591
-0.48342
-0.386413
-0.807743
-0.12743
-0.399956
-0.778758
-0.187978
-0.864971
-0.678469
-0.549287
-0.382667
-0.333341
-1.20521
-0.910995
-0.796664
-0.982673
-1.16789
-0.753493
-0.553396
-0.656884
-0.72188
-0.393505
-1.22992
-0.547549
-0.259288
-0.301205
0.200505
-0.514106
-0.6327
-0.500405
-0.767523
-0.191998
-0.517001
-0.792844
-0.245726
-0.746929
-0.729659
0.00520596
-0.930338
-1.15881
-0.280234
-0.906082
-0.823312
-0.766431
0.115664
-0.468149
-0.366411
-1.02679
-0.388357
-1.16477
0.0923899
-0.407515
-0.613093
-0.784351
-0.609842
0.0104014
-0.477612
-0.90022
-0.337971
-0.507066
-0.903008
-0.378287
-0.482727
-0.545358
-0.663129
-0.90247
-0.517289
-0.867623
-0.818826
-0.732854
-1.17567
-0.828082
-0.279037
-0.80965
-0.147198
-0.17382
-0.518827
-0.814791
-0.963403
-0.578264
-0.175114
-0.86225
-1.05688
-0.409423
-0.852394
-0.483896
0.399948
-0.308313
-0.193721
-0.975614
-0.587137
-0.817739
-1.29843
-0.81955
-0.491352
-0.667461
-0.276502
-0.425004
-0.165547
-0.649478
-0.944292
-0.617975
-0.174229
