4.84024
4.96328
5.40131
5.67447
4.3408
5.15534
5.14806
4.39184
5.25627
4.63129
4.73642
5.02308
5.2505
4.77643
5.08442
5.18286
4.84111
4.51802
4.56854
5.71602
5.15722
4.80604
4.9307
4.97068
5.71261
5.2922
4.97433
4.2849
5.08295
4.31773
4.91429
4.96381
5.29625
4.83532
4.67267
5.49881
4.75688
4.69924
4.89929
4.85168
5.6414
5.45277
4.59397
5.34279
4.81863
4.28574
5.22208
5.31752
4.86376
4.46404
4.53572
5.57381
5.26161
5.3181
5.27685
5.23351
4.8222
4.7799
4.52719
4.92772
4.45209
5.09319
5.21253
4.9853
5.18722
5.44493
4.72259
4.64651
5.24288
5.60372
4.53587
5.22503
4.77051
5.72309
4.91041
4.53912
5.48618
4.83384
5.60686
5.34694
4.9115
5.31311
4.9223
4.72304
5.60056
5.0199
4.55312
4.92385
5.33318
4.79728
4.87506
5.64386
5.11953
5.88559
5.25617
3.87974
4.8008
4.88699
5.24795
5.12122
