0.57691
-0.291739
-0.322437
0.347583
-0.53215
-0.179029
-0.856376
-0.404653
-0.29117
-0.206658
0.174087
-0.457916
0.0255785
-0.451355
-0.915623
-0.283343
0.681059
-0.184838
-0.109945
-0.1118
0.111333
0.472882
-0.0808033
-0.476366
-0.406604
-0.909502
-0.868172
-0.153983
-0.733819
0.625185
0.0316611
0.112739
-0.297738
0.0797847
-0.75922
0.569901
0.482351
0.674198
0.816622
0.339774
-0.336708
-0.029297
-0.252573
-0.119386
0.0749735
0.398504
0.389017
0.527717
-0.976369
-0.565758
-0.0768134
-0.115055
0.185744
0.358039
-0.347934
1.19069
0.868218
0.426305
-0.0589886
-0.215827
-0.2625
-0.132435
-0.791242
-0.595655
0.608714
-0.0776546
0.693669
0.256134
-0.426986
-0.0855286
0.404055
0.010864
0.187684
0.134421
0.127183
0.310971
-0.586036
-0.710784
0.0744369
-0.0453323
0.241058
0.57229
0.0287851
-0.0752392
-0.0463197
-0.294328
0.0148961
-0.0606038
0.62233
-0.787939
-0.0949025
-0.327139
-0.446958
-0.158477
-0.228593
-0.399324
0.0398684
-0.262033
0.215418
0.787917
0.137826
0.178372
-0.33456
0.477065
-0.367764
0.256889
-0.0712072
0.381003
-0.189411
-0.303358
-0.114661
0.287816
0.155798
0.343442
-0.126838
-0.166664
-0.976893
0.893823
7.51258e-05
0.0335957
-0.871143
-0.0432872
-0.172691
0.490526
0.163219
-0.339467
0.124487
-0.429919
-0.697472
-0.514367
-0.127217
0.341329
0.153934
0.0831249
0.14137
0.610107
0.170354
0.177366
-0.0767446
-0.467868
0.367297
-0.490021
0.221298
0.646894
0.176441
-0.0350557
0.43995
-0.70213
0.287791
0.0652185
-0.352049
-0.0938738
-0.276899
-0.382692
0.940027
0.403103
-0.203184
-0.142228
-0.523869
-0.884715
-0.582831
-0.472386
-0.387846
0.171224
0.103977
0.18739
0.783685
-0.0806088
-0.149622
0.0239811
-0.0905084
0.715528
-0.245381
0.138062
-0.275318
-0.504658
-0.045541
-0.140631
0.424874
0.213316
-0.667428
0.731389
0.457357
0.696527
-0.385108
-0.206525
-0.102374
0.0953386
-0.13363
-0.0191069
0.367237
0.0708461
1.15679
0.445402
0.170374
0.495968
-0.259701
-0.147141
-0.400586
0.0504563
0.483192
0.488226
-0.219864
0.0198548
0.249069
-0.282775
-0.0301619
0.446176
-0.539333
-0.345758
-0.405583
0.295274
-0.151273
0.157703
0.204625
-0.328511
0.423591
0.152763
-0.101116
-0.419859
-0.219513
0.341246
0.432722
-0.35598
0.161574
0.157433
-0.406343
-0.436661
-0.280703
0.510339
-0.687651
0.743871
-0.267349
-0.356148
-0.0318195
0.0651152
-0.139917
-0.356571
-0.345217
0.204053
0.444629
0.273132
0.267622
-0.51967
-0.242852
-0.391458
-0.0350212
0.153209
-0.613013
0.265808
-0.041449
-0.0984685
0.432177
0.237869
-0.252195
0.251481
0.661969
-0.0600009
0.632641
-0.381764
-0.349307
0.326493
0.16934
-0.683245
-0.367979
0.0251369
-0.0907283
0.212547
0.254656
-0.259877
0.300301
0.127221
0.0891837
-0.219606
-0.564363
-0.684442
-0.133153
-0.296236
0.025138
-0.031775
0.0474069
1.26413
-0.320845
-0.367769
-0.338829
0.468058
0.146344
0.292816
0.408115
-0.00461922
0.278643
0.0183365
0.174865
0.228628
0.124905
0.372345
0.566649
-0.986219
0.558611
-0.266171
0.0640668
0.195873
0.880743
-0.0243216
0.127111
0.41765
0.0658767
0.354569
0.152185
-0.416552
1.02693
-0.00438557
0.128429
-0.604313
0.122125
-0.329124
-0.144604
-0.055793
-0.174592
-0.277583
0.374059
1.2578
0.194573
-0.0387326
0.308751
-0.220494
-0.38106
-0.0507637
0.263225
-0.195181
-0.0315691
-0.652699
-0.537058
-0.261588
-0.926471
-0.22918
-0.38692
-0.636421
0.23204
-0.506123
-0.123415
-0.158273
-0.351983
-0.101378
0.504165
-0.552415
-0.0860867
0.466393
-0.456886
0.408276
-0.637047
0.214251
-0.0552868
-0.178369
-0.0765388
0.00611619
0.275428
0.72203
-0.272273
0.763071
0.0756778
-0.941974
-0.291112
0.820941
-0.10124
0.44763
-0.35459
-0.554823
0.0345817
0.872356
-0.148652
0.114447
0.545386
0.389315
1.22152
-0.242862
0.109206
0.506833
-0.713934
-0.475422
0.434785
0.427715
-0.095178
0.166883
0.96376
0.215935
0.343672
-0.0550198
0.0715587
0.00255914
-0.265002
-0.449448
0.261688
-0.285992
0.559227
-0.370948
0.0528733
0.0727141
0.354757
-0.386218
0.235412
0.518525
-0.460195
-0.57766
0.375481
-0.307271
0.5091
0.692773
0.565016
-0.0513342
-0.228768
-0.357395
-0.49052
0.18261
0.535584
-0.0186591
-0.0682988
0.437796
-0.647722
0.618599
-0.105559
-0.34581
-0.239585
0.275631
0.287943
-0.208429
0.838102
-0.339109
-0.144674
0.551847
0.689617
0.0488251
0.233458
-0.570681
-0.330538
0.0699724
0.0287067
-0.1676
0.614529
-0.166457
-0.0542577
0.520978
-0.430985
-0.371685
-0.0916496
-0.324951
0.438069
-0.0915065
0.162212
0.0389865
0.1671
-0.351391
-0.126156
0.468529
-0.595872
-0.323531
0.193741
-0.234853
0.119001
0.322559
-0.986254
-0.195521
-0.0653716
0.448144
0.724164
0.206788
0.0297421
0.889917
0.0241864
-0.257994
-0.0270056
0.246712
-0.114297
-0.418714
-0.325581
-0.559737
0.126416
0.0719458
-0.0791762
-0.582665
-0.207969
-0.190744
0.730079
0.491146
-0.407688
0.218156
0.205335
0.191109
-0.33942
-0.433697
-0.508612
0.120443
0.651336
0.136919
-0.42855
0.156707
-0.0136945
0.14966
0.212061
0.613189
0.282154
0.199815
0.306314
0.110082
-0.314326
0.149064
0.404216
-0.664383
-0.37172
0.620743
-0.0744779
0.451597
0.459059
0.594243
-0.449719
0.416368
-0.171468
0.319221
0.0484475
0.580556
0.572141
0.771495
0.131168
-0.174187
-0.0595644
0.409405
0.593107
0.389471
0.1974
-0.2438
0.326536
-0.289427
0.0984305
-0.605873
-0.141229
-0.169895
-0.23124
0.653338
-0.00322883
0.33648
-0.293862
0.175719
0.517009
0.0519036
-0.271874
-0.111822
0.0438791
0.26597
-0.448154
0.169842
-0.744944
-0.428299
0.285212
-0.393473
0.427505
0.737959
0.343427
-0.631398
0.160876
0.646303
-1.1816
-0.768644
-0.491066
0.944843
0.772089
0.616528
-0.512538
-0.556294
0.0401216
0.64764
-0.286456
-0.391268
0.867522
-0.551074
-0.214323
0.624266
-0.560534
0.352769
0.844669
-0.163021
0.0965495
-0.0339045
-0.0835404
0.733712
-0.218401
0.749562
0.458814
-0.348554
-0.546688
0.323157
-0.158463
0.0173786
0.511862
-0.266428
-0.343441
0.398296
-0.436654
-0.0622894
0.232252
-0.293709
0.617317
-0.289735
-0.365779
0.571139
-0.5402
0.0238334
0.251153
0.434183
-0.0844605
-0.272129
-0.2607
0.387019
0.880469
-0.0123381
0.759918
0.85945
-0.0458792
0.0810834
-0.246314
0.536891
-0.970125
0.325006
0.27303
0.0652736
-0.254611
-0.276607
-0.423485
0.0468668
-0.392262
-0.845556
0.436512
-0.109315
-0.476241
0.610124
-0.387111
-0.525487
-0.45834
0.506802
-0.511052
0.848704
-0.126896
0.0582424
0.112407
-0.162226
-0.367659
-0.809323
-0.302981
-0.331962
0.500872
-0.426046
-0.167107
0.429682
1.01422
0.23371
0.637223
-0.00739703
-0.751795
-0.600128
0.659677
-0.200529
0.590094
-0.199751
-0.268345
-0.331987
-0.627251
-0.460383
-0.0554829
-0.284714
-0.0850535
-0.00960573
-0.410779
-0.199448
0.217766
-0.0274108
0.194454
-0.161091
-0.0480942
-0.582753
-0.211507
0.504687
-0.0889226
0.525801
0.258282
0.228452
0.305143
-0.243304
0.33109
0.638792
0.515762
0.654058
0.251182
0.207372
1.2127
-0.491918
-0.154261
0.0349034
0.141329
-0.444905
0.237024
0.321624
0.106718
0.28904
-0.241778
-0.307645
-0.210335
0.504072
-0.670716
0.245046
-0.658362
0.364484
-0.205929
-0.180032
0.147964
0.143556
-0.115799
-0.0234818
0.107282
0.0448172
-0.539939
0.151302
-0.371645
-0.488849
0.00196183
-0.293338
0.439366
-0.334889
0.284305
-0.344841
1.04874
0.856655
-0.465448
-0.136995
0.253212
0.478597
0.158404
0.393445
-1.17876
0.236385
-0.0678342
-0.226488
-0.307672
0.633543
-0.0889265
0.0536452
-0.194224
0.586781
0.407697
-0.177362
0.948048
-0.0295624
0.27127
0.612896
0.0123568
-0.0223214
0.406031
-0.0979945
0.0512377
0.264198
0.363693
0.498167
0.740608
-0.774412
0.232625
-0.0947715
0.140743
-0.152851
-0.25954
0.153784
0.299078
0.144997
-0.291817
0.499782
-0.352284
-0.731862
0.0185968
0.527064
0.45985
-0.57657
0.107584
0.269397
-0.132319
-0.439733
-0.338511
-0.272291
-0.0298998
-0.38784
-0.0379753
0.114116
0.623697
1.00264
0.366924
0.022013
-1.03697
-0.394577
-0.204904
-0.00258177
0.0176104
-0.429306
0.238659
-0.857937
0.36046
0.0103899
-0.170941
0.844722
-0.916984
0.431482
-0.715496
0.0760981
0.0149387
-0.405191
-0.316891
-0.0352054
-0.317417
0.116105
0.206791
-0.373701
0.592241
0.413433
-0.69476
-0.0834977
0.0131678
-0.190196
0.212478
-0.332347
0.290696
-0.820055
-0.147284
0.363786
-0.236992
-0.648593
-0.641418
-0.363423
-0.0527443
-0.516389
-0.153284
0.225047
-0.215329
-0.63114
0.242825
-0.217047
0.0451831
-0.368118
-0.211698
0.0293158
0.2366
0.281167
0.0737977
-0.671613
0.800111
0.498593
-0.0787378
-0.518507
0.667849
-0.32213
-0.214552
0.388344
0.80249
-0.0342723
-0.521517
-0.974818
0.176542
0.368406
-0.529503
-0.368357
-0.112853
-0.584918
-0.0690585
0.0879181
-0.410344
1.3349
-0.977031
-0.266928
0.377997
-0.0355442
0.377987
0.126884
0.700587
-0.864311
-0.451496
0.607733
-0.3429
0.237637
0.55702
0.695098
0.290722
0.10945
-0.573816
-0.507006
0.534373
-0.491898
-0.21397
0.780157
0.488552
-0.482977
-0.316181
0.412219
0.572633
-0.0697417
-0.710097
0.0153024
0.548213
0.072073
0.827435
-0.370559
-0.722626
-0.630366
-1.0814
0.568637
-0.0498097
0.08042
0.399215
-0.304284
-0.091895
0.254931
-0.0203136
-0.3411
-0.283745
0.287552
0.031432
0.417548
-0.81815
-0.43229
-0.230265
-0.489758
-0.352646
-0.032891
-0.260788
-0.517584
-0.277354
0.497539
0.118906
0.381915
0.345816
-0.188568
-0.500355
0.30941
0.451492
-0.0928274
0.106356
-0.0904188
-0.39291
-0.176608
0.557407
-0.271884
-0.816834
0.0327409
0.154926
0.776388
-0.0250206
0.429692
-0.0150068
0.0273977
0.348371
-0.113675
0.702964
0.0243658
0.107004
0.619571
-0.431895
-0.162398
0.12072
-0.263624
0.269488
0.520387
0.66186
-0.0850149
-0.241501
0.733313
-0.122346
0.094318
-0.369543
0.154336
-0.87179
-0.5379
0.372025
-0.800309
-0.233344
0.0834317
-0.71926
0.63909
-0.155312
0.583914
-0.695824
-0.288685
-1.09802
0.0898386
-0.493218
-0.194516
0.43484
0.0333294
0.565793
-0.678265
0.204163
0.827331
-0.232372
-0.666841
-0.0521887
1.09143
0.824478
-0.278436
