-3.48857
-2.12204
-2.53165
-3.26881
-2.62382
-1.48373
-1.98106
-2.27344
-2.23497
-1.78317
-1.77683
-3.59847
-2.65272
-3.80322
-2.1943
-2.45292
-2.68975
-3.02686
-2.71469
-2.84911
-2.5226
-2.95909
-2.40241
-2.00098
-1.72361
-3.08859
-1.35428
-2.92075
-3.03445
-2.40115
-2.1651
-3.53365
-1.49588
-2.40645
-3.22109
-1.7854
-2.78091
-2.57492
-2.90228
-2.29384
-2.68889
-2.75
-1.14663
-3.0652
-1.86215
-2.75766
-2.88255
-2.43797
-2.20496
-3.73497
-3.05369
-2.47814
-0.792446
-2.25925
-3.27321
-2.16438
-3.6521
-2.78879
-2.92863
-2.73772
-3.05571
-3.87338
-2.41411
-2.73395
-2.94393
-2.08985
-2.90789
-2.63135
-3.12491
-4.20186
-3.04803
-2.69302
-2.89412
-3.64953
-2.38956
-1.96089
-4.08598
-2.72236
-1.50438
-2.18568
-2.40365
-2.61994
-3.53767
-1.45707
-2.28777
-3.53245
-2.56567
-3.55466
-3.18465
-1.91421
-3.16962
-1.72139
-2.96788
-2.41791
-3.4479
-0.94851
-0.977972
-1.29051
-2.37167
-3.53067
