0.0427813
-0.943891
-0.654725
-0.4972
-0.427952
0.528212
0.278482
-0.364369
-0.167431
0.187117
0.0216979
0.181623
-0.503995
0.572776
0.11563
0.806623
0.151452
-0.0672619
-0.0461201
0.277578
0.603094
-0.283788
0.730239
-0.285413
-0.195418
-0.104055
-0.106756
0.920988
0.0412218
-0.506586
-0.611537
0.543623
-0.133197
0.55918
-0.675661
0.0240194
0.311732
0.111271
-0.297976
-0.51185
-0.446895
-0.189568
0.42396
0.589937
0.414273
0.240701
-0.274689
-0.196785
-0.102712
0.540988
0.531418
-0.0424774
0.0269096
-0.108918
-0.0149624
-0.624474
0.521603
-0.242477
-0.229547
-0.247652
0.163963
-0.179456
0.0320162
0.544131
0.773733
-0.803541
0.371346
0.260612
-0.139926
0.202676
-0.138334
0.0837301
-0.968389
-0.533735
-0.274034
-0.188572
-0.0808724
-0.0210097
-0.0125996
-0.491247
-0.313296
-0.890769
-0.0745303
0.164217
-0.124357
-0.250387
-0.105793
-0.145532
0.648862
0.310882
-0.553893
-0.0737555
-0.923468
-0.496346
0.573207
0.416838
-0.35802
-0.177502
-0.105399
-0.488168
0.165965
-0.19069
0.239263
0.0963162
-0.440123
0.78758
0.230307
0.2796
0.183014
-0.479336
-0.572002
-0.111127
0.340832
0.305449
0.456736
-0.815425
-0.310586
-0.653285
-0.0298372
-0.707354
0.857888
-0.0443348
-0.152113
0.232796
-0.641142
-0.83496
0.299575
-0.831884
0.106048
0.333881
-1.13954
-0.772737
-0.267668
0.347802
-0.216167
-0.403358
0.387127
0.157804
0.292464
-0.470106
-0.361855
-0.538116
-1.29103
-0.577815
-1.09493
0.627202
0.220722
-0.0638312
0.124653
-0.337192
0.0608869
-0.338964
-0.198559
0.231522
0.0865182
0.205654
-0.378727
-0.118395
-0.164553
-0.182154
-0.234371
0.244989
0.537966
0.492109
0.0148706
-0.315945
1.02271
-0.32452
-0.211735
0.871555
-0.227715
-0.376519
0.529304
-0.452415
-0.0633292
-0.0211882
-0.265801
-0.00743282
-0.218214
-0.338688
0.442984
-0.197356
0.416734
0.0521941
-0.395597
0.730493
-0.193094
-0.907523
0.46997
0.307162
-0.945856
0.962719
-0.486448
-0.0486394
-0.548928
-0.280453
-0.333151
-0.357965
0.407373
-0.48056
0.01714
0.828587
-0.424819
-0.241216
0.373936
0.324475
0.594256
-0.600508
0.509812
0.163171
-0.3298
-0.595472
0.357581
0.261596
-0.115742
0.493438
0.158959
0.391011
0.612068
-0.241072
-0.485571
-0.303565
-0.132457
-0.605357
0.216887
0.172599
-0.521831
0.32729
0.163656
-0.406124
0.259085
-0.117439
-0.481577
0.00145665
-0.0594584
0.145705
-1.24167
-0.408213
-0.278651
0.0208367
-0.742126
-0.396303
-0.145274
-0.799997
0.135302
-0.530877
0.324923
0.031222
-0.600948
-0.481208
0.359815
0.200167
-0.39209
0.860013
-0.651644
-0.50658
-0.228446
-0.483531
0.227581
-0.101163
0.494095
-0.429999
-0.102925
-0.747858
0.216667
0.41917
-0.0679184
0.0988719
-0.703452
0.0553985
0.617678
-0.572114
0.0142783
-0.876081
-0.0570357
-0.413406
-0.283405
0.0454393
-0.152644
-0.763861
-0.114522
0.544962
0.0773759
-0.446878
0.205887
-0.307886
-0.251715
-0.44753
0.591812
0.119057
0.229505
0.353356
0.116068
-0.119909
-0.554695
0.0449361
0.385022
0.51904
0.295999
0.0955746
-1.40598
0.101954
-0.2324
-0.957532
-0.913194
-1.63485
0.516926
-0.240666
-0.462342
-0.603253
-0.193353
0.317832
-0.555493
-0.125041
0.132092
0.00899717
0.622465
-0.140836
-0.277964
-0.191089
-0.0847024
0.0840148
-0.688062
-0.114854
-0.680843
-0.328703
-0.0880921
-0.155255
0.681474
-0.0603832
0.0445405
0.289215
0.603838
-0.946136
-0.460948
-0.436218
-0.058249
-0.131448
-0.370652
0.26339
-0.299524
0.381819
0.71667
-0.0194206
-0.139994
0.821966
0.682666
-0.241149
0.663995
-0.350879
-0.459781
-0.624559
-0.250657
-0.229617
-0.704732
-0.241744
0.295761
-0.104945
-0.0844159
-0.849649
-0.104237
-0.0303757
0.0173709
0.0907441
-0.0590553
-0.0996464
0.480443
-0.00585912
-0.250265
0.0778124
0.430209
0.255476
0.126652
-0.634069
-0.555604
0.805341
-1.04009
-0.176053
0.0924802
-0.0535923
-0.389172
-0.0203372
-0.363456
-0.284513
1.03135
-0.493004
0.134413
0.13243
0.103113
0.498876
0.522045
-0.0818488
0.317635
0.119414
0.323374
0.195539
0.181461
0.181298
0.0377813
-0.313141
-0.00274376
0.359578
-0.213499
-0.0944864
-0.604107
-0.0316078
-0.21691
0.17083
-0.251445
0.361853
0.0333841
-0.0375283
0.411705
0.733467
0.491661
0.0697432
0.22648
-0.231318
-0.12298
0.85599
-0.446019
0.72102
-0.2317
-1.25613
-0.221622
0.00098128
0.027157
-0.138273
-0.104598
0.291585
-0.247993
-0.842898
-0.846722
0.787852
0.750313
-0.433581
-0.17125
-0.593994
0.248971
0.341545
-0.122112
-0.836231
0.525873
0.0367657
0.182861
-0.00432047
-0.363677
-0.700417
-0.375682
-0.524485
-0.488392
0.0297104
0.257204
0.383166
-0.585394
-0.272002
0.114717
-0.664305
-0.113017
-0.311223
-0.138111
0.140904
0.16831
0.732775
-0.557968
-0.125469
0.518175
0.167582
-0.123346
0.735548
-0.0806348
-0.450114
0.535812
0.335928
0.919085
0.704301
0.115078
-0.115334
0.782203
-0.147369
-0.0559619
-0.0617876
0.249317
-0.123443
-0.727278
-0.485109
-0.401337
-0.0132505
0.242543
0.346154
-0.124554
0.236112
-0.305353
0.105184
-0.561783
0.555984
0.763796
0.697307
-0.0677563
0.500173
0.268529
-0.643301
0.303983
-0.208183
0.123609
-0.898523
-0.579927
-0.0180135
-0.341611
-0.0325964
-0.199565
-0.388108
0.0295293
-0.0041855
-0.496243
-0.193703
0.262489
-0.0491011
0.326118
0.0118273
-0.388082
0.147885
-0.22298
0.855084
-0.601993
0.451368
0.811813
0.744118
-0.0445203
0.196339
-0.359766
0.0865761
-0.848968
0.0493223
0.495018
0.116612
-0.298379
0.354421
0.0223679
-0.601193
-0.0741452
-0.202698
-0.403778
-0.695394
-0.788898
0.398795
-0.356903
-0.142706
0.029554
0.170202
-0.740899
-0.0707422
-0.246198
-0.146168
0.0548241
0.522547
-0.748523
-0.102185
-0.157273
0.289076
0.00706996
-0.842209
0.0180009
-0.424558
0.435529
0.139944
0.322815
0.293949
0.218172
-0.0300721
0.205505
-0.354799
0.20292
1.22763
0.385648
0.273849
-0.095535
-0.825936
-0.314175
-0.0900061
-0.351202
0.105992
0.815453
-0.323604
0.610045
0.15384
0.0280468
0.446682
-0.724866
0.522381
-0.25953
0.0837198
0.0941702
0.0489713
0.204742
-0.340403
0.262669
0.350569
-0.338439
0.0252069
-0.754641
0.191889
0.347982
-0.0105261
-0.459422
0.207125
0.437555
-0.35552
0.327626
0.168616
0.822974
0.154742
0.337607
0.992983
0.280824
-0.18177
-0.528773
-0.112977
-0.26316
0.0730366
-0.19783
0.468686
-0.261362
-0.441204
-0.346338
-0.25364
-0.0829752
-0.490569
-0.480565
-0.414727
0.691537
0.875466
0.25368
-0.112089
-0.266685
-0.132512
0.580008
-0.197273
0.354977
0.787596
0.421253
-0.410435
-0.419723
0.255803
-0.707948
0.788068
0.373353
0.757109
0.601019
-0.418919
0.601245
-0.888974
-0.557266
-0.66681
0.206539
-0.431105
0.221254
-0.296308
-1.04248
-0.327909
-0.764985
-0.168744
0.101144
-0.544015
-0.188544
0.543333
-0.337302
0.188874
-0.703181
-0.330864
-0.102655
0.336299
-0.770831
0.30383
0.168947
-0.441909
-0.304817
-0.170329
-0.628823
-0.437977
0.554395
-0.187953
-0.484217
0.427535
0.113552
1.13648
0.142239
-0.495195
0.398017
0.511529
-0.410213
0.27463
1.14027
0.366937
-0.520747
0.521616
-0.331394
0.0317895
-0.0464959
0.447472
0.0103043
-0.918554
-0.54706
0.294097
-0.369416
0.796923
-0.808845
-0.527501
-1.323
0.146704
0.470251
-0.433448
-0.220522
-0.71801
0.244748
-0.0546032
-0.307541
0.0101257
0.248026
-1.13295
0.098054
0.959179
-1.06684
0.577059
-0.0684856
-0.156228
0.186181
-0.267196
-0.10754
0.163847
-0.0351909
0.06394
-0.0459641
0.670931
0.0369307
0.357233
0.242089
-0.314838
-0.664785
-0.74498
-0.159586
0.778665
0.149333
0.341721
-0.236047
-0.778511
-0.295967
0.201578
-0.335834
-0.2836
-0.644991
0.0565642
-0.0368876
0.223708
0.129255
-0.572815
0.387431
0.888843
0.136496
-0.441218
-0.185823
-0.425813
-0.652492
0.00494519
0.233104
-0.416167
0.280846
-0.474054
0.30283
0.32629
0.853555
0.235035
-0.117161
-0.107814
-0.44372
-0.149094
-0.135316
-0.0136507
-0.648209
-0.330679
-0.0209798
-0.519914
-0.296
-0.215379
-0.110757
0.0118301
0.0126943
-0.0442129
-0.0311414
-0.153459
-0.127183
-0.671229
-0.114676
0.360931
0.018194
-0.983093
-1.15815
-0.271208
-0.168319
0.164372
0.166859
0.549558
-0.0387534
-0.649324
0.63624
-0.837809
-0.431085
-0.381138
-0.0531649
-0.836227
0.744075
-0.11625
-0.0636501
0.165567
0.2021
-0.0534209
0.37084
-0.42429
-0.403222
0.038732
-0.222065
0.228695
-0.120432
-0.174271
0.617887
0.0383664
-0.111879
-0.0849389
0.0200688
-0.85363
0.56057
-0.306107
-0.0560409
0.131272
-0.401922
-0.263732
-0.260682
-0.90643
0.667525
-0.329008
0.302973
0.122455
-0.408592
-0.080028
-0.297633
-1.07157
0.323782
0.783947
-0.164678
0.385175
0.560429
-0.445938
-0.16802
-0.821646
-0.266378
0.290283
0.276124
0.663457
0.114118
0.520067
0.685085
0.272575
0.000513722
0.355517
-0.368446
-0.399459
-0.0739315
-0.0255171
0.0406475
-0.107202
1.49608
0.0353024
-0.409156
-0.189731
0.645342
0.033967
-0.58268
-0.365575
0.0726496
-0.00816253
-0.550307
-0.456469
0.924794
0.0813356
0.24388
0.662314
-0.323776
0.80716
-0.216658
0.0355525
-0.701885
0.0958086
-0.575203
0.554522
0.216064
0.424696
-0.21288
-0.196575
-0.201123
-0.0547473
-0.413384
-0.482503
0.635289
0.686751
-0.688568
0.279776
-0.178154
-0.118624
0.15495
-0.202895
-0.362231
-0.737335
-0.551459
0.0741824
0.858115
-0.19369
0.581911
-0.264505
0.271418
0.0380286
0.601329
0.124647
-0.247595
1.02242
0.278558
-0.764371
-0.0327325
0.034878
0.826149
-0.227081
-0.261703
-0.299781
0.311284
0.081291
0.129847
0.223875
0.387972
-0.0550389
-0.791448
0.546721
-0.872366
0.0635293
-0.995432
-0.170158
-0.629846
-0.294966
-0.111079
-0.288395
0.445228
-0.0978345
-0.246882
-0.307568
-0.813745
0.630834
-0.445265
-0.496173
0.281549
0.0629155
0.47206
-0.0547637
0.281673
-0.308622
-0.00278038
0.00758579
0.350503
-0.202253
-0.679757
0.587577
0.116995
0.119884
-0.206791
-0.16686
0.0346516
-0.999585
-0.104158
-0.196841
0.0493506
-0.511188
-0.448087
-0.162869
0.223255
-0.316984
0.12025
-0.0346681
0.532806
0.495887
-0.725547
0.14963
-0.630235
0.590937
0.187636
-0.374009
-0.562625
0.900373
0.831949
0.410515
-0.0292747
0.203434
0.57307
-0.428404
