1.81878
1.48853
1.38417
1.09063
1.20076
1.63883
1.41957
1.79966
1.88393
1.65438
1.29963
1.68738
1.15015
1.28325
1.56386
1.2769
1.59692
1.44697
1.12421
1.54898
1.1984
1.56598
0.874085
1.80862
0.802083
0.793176
1.65566
0.22391
1.63202
1.39426
1.5148
0.864327
1.43845
1.78184
1.25512
2.12464
1.02588
1.58265
1.57041
1.19724
1.09334
1.06908
0.822214
1.59426
0.857509
1.74872
1.13353
1.09383
0.928567
1.15008
1.38567
1.44289
1.5467
1.58709
1.3259
1.28419
1.5193
1.24407
1.51468
1.85879
2.03748
0.720679
1.61266
1.32795
1.25647
1.18627
1.14381
1.24412
1.66761
1.40202
1.0076
1.65797
1.28985
1.51469
0.828374
0.857355
1.62305
1.10438
1.32088
1.73554
1.01032
1.46747
2.0023
1.16605
1.66336
1.36527
1.21102
1.33273
1.71083
1.53753
1.51125
1.38192
1.24687
0.956262
1.40187
0.796942
1.69681
0.830576
1.69628
0.918679
1.19596
1.02054
1.27231
1.60801
1.0617
0.820971
1.87349
2.07452
2.33148
1.19436
1.04799
1.17327
1.66917
1.84686
1.22811
1.80778
1.15353
1.85828
0.81505
0.999886
1.22503
0.963544
0.888612
1.23733
0.72168
1.15978
1.14094
1.60784
1.87465
1.57469
1.82615
1.63575
1.66335
1.17278
2.54945
1.01354
1.56758
0.85474
1.1284
0.825931
2.05316
1.56504
1.32199
1.48603
1.52775
1.92009
1.48701
1.63781
1.25093
1.78956
1.50125
1.58101
1.6216
1.26896
1.20209
1.78402
1.8064
2.00782
1.07433
1.56391
1.98628
1.69161
1.82306
1.59516
1.77703
1.32555
1.81496
1.16388
0.970333
1.44114
1.45703
1.68793
1.65701
1.00071
1.18113
1.31306
1.12523
1.73742
1.53054
1.12293
2.31911
1.51738
1.47808
0.947412
1.37982
0.601943
1.20171
1.1571
1.71111
0.977323
1.23774
1.14874
1.45461
1.00966
0.928403
1.67876
1.27175
1.3537
1.57843
1.41686
