-0.661624
-0.29208
-0.291712
-0.0902889
-0.355959
0.207624
-0.0782955
0.0907071
-0.671459
-0.898898
0.158134
-0.591379
-0.873163
-0.272438
-0.722743
0.247432
-0.571601
-0.540824
-0.114382
0.717373
-0.194781
0.296436
-0.61439
-0.538423
-0.847878
0.1484
-0.158693
-0.451009
-0.267093
-0.437556
-0.553378
-0.161716
-0.0889047
-0.621452
-0.287253
-0.839979
0.0431648
-0.124638
-0.543645
-0.00907213
0.0342334
-0.383734
0.284908
-0.3754
-0.274093
-0.53594
1.27189
-0.887013
-0.418183
-0.9541
-0.716345
-0.095985
-0.539972
0.210205
-0.64415
0.332991
-0.0967957
-0.384831
-0.543026
0.0473487
-0.83677
-0.718937
-0.7386
-0.070029
-0.138563
-0.0534215
-0.2841
-0.891928
-1.18642
-0.0247903
-0.726881
-0.425552
-0.00704068
-2.12966
-0.521158
-0.278586
0.222285
-0.454909
-0.159099
-0.529991
-0.62005
-0.743783
-1.17938
-0.249138
-0.158262
-0.716637
0.0836269
-0.660006
-0.510614
-0.145407
-0.629054
-0.268637
0.0334517
-0.0332954
-0.416411
-0.401358
0.56821
-0.438833
0.695921
0.204418
