-0.153152
-0.59892
0.745321
0.202911
-0.494013
-0.326096
-0.356152
-0.572818
-0.494035
-0.717117
-0.0505417
-0.070303
-0.726577
0.270246
-1.07369
-0.0487034
-0.0937007
-0.183971
-0.628116
-0.26723
-0.76264
0.199293
-0.220006
-0.194485
-0.325339
-0.252711
-0.265386
-0.386024
0.162907
-0.36109
-0.249455
0.167806
-0.0251574
0.0400676
0.0417444
-0.49769
-0.0995328
-0.562252
-0.719883
-0.388243
-0.0637528
-0.480032
0.0730399
-0.489194
-0.169593
-0.329722
-0.105388
0.275794
-0.24224
-0.32466
-0.571538
-0.792294
-0.316705
-0.132421
-0.162301
0.161013
0.374128
-0.176179
-0.482659
-0.347076
0.0513546
-0.144069
-0.820113
-1.10692
-0.333637
-0.273836
-0.250574
-0.464259
-0.730717
-0.2719
-0.335348
-0.0800844
-0.63987
-0.595768
-0.172461
0.0840175
-0.251649
0.0530801
-0.698988
-0.0543756
-0.765155
0.697085
0.0195951
0.0696097
-0.661183
-0.548201
-0.624874
-0.354499
-0.345211
-0.0384383
-0.337465
-0.996079
-0.386602
-0.744761
-0.620087
-0.125298
0.618918
0.149411
-0.346428
-0.296158
-0.131298
-0.0838725
-1.31137
-0.382305
-0.157044
-0.472934
0.198039
-0.305786
-1.27973
-0.330282
-1.12111
-0.845952
-0.555606
0.20885
-0.364903
-0.189244
-0.783027
-0.798934
-0.0506568
-0.333978
-0.213242
-0.21158
-0.191451
-0.270804
-0.776353
-0.0995056
0.151567
-0.753578
-0.356292
0.0714729
-0.614126
-0.578693
-0.315578
-0.0875275
0.358848
-0.229041
-0.344624
-0.838511
-0.586883
-0.962277
-0.679699
-0.86314
-0.000284918
0.145724
0.513762
-0.126903
-0.877949
-0.99691
-0.315244
-0.0596515
-1.10014
-0.215897
-0.382109
0.0961431
-0.637325
-0.212798
-0.901583
-0.588263
-0.0761098
-0.537627
-0.466253
-0.156053
0.274263
-0.48079
0.0579912
-0.611896
-0.406517
-0.167025
-0.62374
-0.709046
-0.306718
-0.167202
-0.445575
-0.788028
0.111688
-0.620484
-0.52895
-0.145696
-0.567908
-0.52523
-0.145472
-0.464127
-0.0496868
0.43962
-0.370492
-1.29604
-0.488951
-0.405654
-0.101673
0.00260647
-0.626125
-0.769656
-0.703328
-0.817682
-0.157101
0.0371147
-0.980348
-0.924275
-0.122337
-1.04579
