1.4133
-1.10329
0.822109
0.153898
-0.0153062
-0.414675
-0.370728
0.326638
-0.447296
1.52644
0.0620867
-0.158335
0.474018
-0.0561316
0.732215
-0.46244
-1.11804
-0.468654
0.861691
0.22025
0.158039
1.07318
-0.350625
-0.0658734
0.34047
0.619429
-1.44386
0.801753
0.301733
-1.02337
0.454361
-0.704225
-0.0584511
1.08368
0.760285
-0.650187
-1.11154
-0.0805659
-0.174022
0.588615
0.140901
0.454315
0.893116
-0.36201
0.187609
-0.229176
-0.387197
-0.482498
-0.574384
-0.215729
-0.651613
-0.675706
-0.0661963
0.149441
0.424842
-0.632366
-0.0214113
0.229194
0.913999
-0.130863
-0.37184
-1.32643
0.740745
0.0215577
-0.313329
-0.790064
-0.373885
0.557972
-1.08636
0.579956
-0.542918
0.141966
-0.355986
-0.148428
0.524429
0.0367005
0.0161937
-1.1611
-0.288462
0.175144
0.608365
0.115383
0.0225174
-0.185539
-1.12232
0.873171
0.225645
0.0390551
-0.371916
0.176334
0.689669
-1.00637
0.841353
-0.664632
-0.388064
-0.211164
1.04358
1.04611
-0.569849
-1.27979
0.0313307
-1.58398
0.546525
-0.000213606
-1.23913
-0.187384
1.0702
-0.631021
-0.154491
0.17681
-0.453518
-0.163654
-0.400226
0.275176
0.339301
-1.54019
0.413791
1.39972
0.820424
0.437036
-0.18886
0.367715
-0.760935
0.684644
-0.686163
-0.379562
-0.564478
-0.353606
0.830855
0.137193
0.26357
0.404312
-0.0821356
0.336699
0.0195599
-0.580045
0.38723
-0.689738
-1.11153
-0.352729
-0.980099
0.863808
0.57104
0.00723605
-1.42038
0.301833
-0.0238657
-0.516304
0.148451
0.0173671
0.345647
-0.443874
-0.199738
0.433794
-1.03162
0.365947
1.08643
-1.02892
1.0621
-0.942609
1.30187
0.864201
-0.641104
-0.157479
-0.0926607
-0.361958
0.359582
-0.62211
0.16196
-0.568586
0.724697
0.650381
-1.37999
-0.152624
-0.322116
-0.571942
-0.0783074
-0.527783
0.70522
-0.32053
-0.638863
-0.226974
0.908349
0.837245
0.439227
0.206132
0.173311
0.733686
0.47976
0.146658
-0.21843
0.343938
0.77305
0.789646
0.802069
1.43981
0.11992
0.119204
-1.32554
0.190893
0.199399
-1.10961
-0.448751
-0.340607
0.7768
0.211473
0.0961466
0.725873
-1.4495
0.571813
0.0832838
-0.934058
-0.463628
1.18264
-1.0515
-0.351798
-0.405994
0.705456
-0.300937
0.487781
-0.615351
0.438815
-0.409887
-0.267582
1.04732
-0.469131
-0.190823
-0.392488
-0.302596
-0.517325
-0.893318
0.202049
0.0763031
0.118105
-0.676522
-0.323046
0.8685
0.615991
0.940226
-0.729593
-0.027311
0.464579
0.901541
-0.137556
0.696119
0.15518
-0.0128373
-0.0932025
-0.551823
-0.33789
-0.301445
-0.638105
-0.469637
0.246057
-0.522123
-0.189513
-0.185314
0.0235717
0.204395
0.0857113
-0.0474689
-0.952059
-0.388735
-0.076569
-1.00465
0.180152
0.420817
0.56825
-0.418724
0.105443
-0.845692
-0.18747
-0.304549
-0.514213
-0.443733
-0.0993716
-0.338661
0.363827
1.45303
-0.342767
-0.800241
0.743033
0.566007
0.378963
-1.00292
0.473663
-0.471489
-0.611444
0.637196
-0.744235
-0.419623
0.464593
0.257315
-0.329568
0.615631
-0.124314
1.14556
0.0427812
-0.00944506
-0.179289
-0.137239
0.269625
-0.56094
0.310109
0.398926
0.161846
-0.359769
0.460738
0.670075
0.854767
-0.760082
-0.887663
-0.803139
0.241499
0.307064
-0.0952169
0.769861
-1.01162
0.115168
1.47066
0.637291
-1.13914
0.526624
-0.169959
-0.642988
-0.92608
0.359895
-0.441544
0.829511
0.142974
-1.35065
0.149389
-0.0876951
-0.344576
0.133468
-0.86129
-0.236637
0.820132
-0.0658838
0.050783
-0.740211
-0.186928
0.105461
-0.146241
0.801048
0.221439
0.50905
0.0630578
0.551062
-0.974409
-0.276493
0.271946
0.450576
0.367159
0.303806
-1.26148
-0.0190154
-0.396103
0.114835
-0.222803
0.252161
0.208532
-0.111799
0.952232
-0.68306
0.104686
-0.552647
0.128533
-1.39306
1.05014
0.685734
0.351627
0.659942
0.209669
0.275258
0.919201
1.29251
0.256924
0.0779477
1.61952
-0.0349366
0.0410451
0.660092
-0.800716
-0.732559
0.378472
0.232332
0.207056
-0.291355
-0.944166
0.0908207
-1.52263
-0.520406
-0.126681
0.674225
0.173634
0.0409901
-1.22384
-0.388278
-0.50406
0.32653
-1.15542
-0.0781483
-0.378479
0.255906
0.66089
0.607837
0.313944
-0.579067
1.44774
-0.0681279
-0.654956
0.416102
1.1854
-0.168172
-0.30076
0.282333
0.491659
-0.103541
-0.575601
0.722279
0.588738
-0.280605
-0.234251
0.355429
-0.326859
-0.376466
-1.49855
0.805316
-0.0774709
1.5996
-0.0291292
0.701877
0.0923742
0.173699
0.213525
-0.4276
0.211891
0.242824
0.914899
0.665542
-0.267107
0.361344
0.45077
1.10556
-0.118757
0.916191
0.322969
-0.449149
-1.29711
-0.129147
-0.482352
-0.59173
0.169524
0.0870241
-0.204344
-1.01908
0.351367
0.997791
-0.732092
-0.364101
0.896828
0.955558
0.179064
0.207689
-0.724126
-0.436617
0.0505076
-1.04187
-0.382372
-0.412166
-0.492345
1.41541
0.552651
1.39222
0.429099
-0.335861
0.178099
-0.942853
0.0525334
-0.500778
-0.0225042
0.882099
1.08049
-0.546158
1.06473
0.803743
-0.831203
-0.31812
0.805922
-0.892852
0.0646139
0.167131
0.969238
-0.908854
-0.0492189
0.386715
-0.995477
0.548312
0.717109
-0.175155
-0.765176
0.0497468
0.515666
0.383517
-1.29263
-0.0127129
0.294899
-0.460142
0.225284
-0.330139
0.159942
-0.225281
0.177125
-0.771576
0.443903
0.0536755
0.27935
0.0111239
0.281701
0.30133
-0.190234
-1.17446
0.360228
-0.0234526
1.45833
-0.0820197
0.0393911
0.714394
0.18832
0.152341
-0.0760911
-0.605382
-0.243843
-0.258805
0.433764
-1.09991
-0.0460492
-0.109085
0.0732924
-0.674034
0.125721
-0.483547
0.6771
-1.31787
0.446233
-0.290953
0.574684
1.28797
-0.430842
-0.920519
-0.321504
0.0786904
0.192691
0.24278
0.512012
-0.155663
0.513316
1.37796
-0.0310807
-0.732514
-0.687928
0.980357
-0.054707
0.707962
0.857457
0.294936
-0.674389
0.175377
0.643812
0.827135
-0.571657
0.697903
-0.14082
0.69709
0.471686
0.506164
-1.17328
0.719472
0.101298
0.18345
0.44572
0.826522
0.273814
-0.198896
0.370094
0.814259
0.0939919
0.378953
1.94443
0.549569
0.0505828
0.188638
-0.0151401
0.671269
0.186645
0.606049
0.923531
-0.227422
-1.27331
-0.135845
0.142521
0.755623
0.0438202
0.365531
0.0333719
-0.64149
0.540773
0.371036
-0.366579
-1.05641
-0.382301
-0.00669806
-0.208296
-0.506618
0.522351
-0.812994
0.328592
0.0563584
-0.611233
-0.0288212
-0.943379
0.243689
1.57811
-1.2781
-0.823567
-0.00498116
0.648829
0.543225
-0.0475702
-0.658374
0.382402
0.0481753
0.943191
0.116207
0.393635
-1.26432
0.83013
0.33335
0.268771
-0.645435
0.16843
-0.638697
-0.536232
-0.0565328
0.687663
0.888044
-0.398301
0.469415
-0.506262
0.125143
-0.152622
0.113041
0.540243
0.556884
1.03495
1.29936
-0.607282
1.35395
0.54572
-0.778149
-0.334034
-0.211503
-0.0455124
-0.0852848
-0.216304
-0.478616
-0.925446
0.197197
-0.121607
-0.827161
0.0882189
-0.733926
-0.0835472
-0.90533
0.319992
-0.950249
-0.283157
-0.167115
-1.77287
0.194234
-1.26528
0.0299924
-1.13463
-0.772393
-0.634437
-0.851443
0.0407717
0.17305
-0.188905
0.769409
0.0591011
-0.13615
-0.266859
-0.361923
0.0219947
0.0750509
-1.00296
0.693988
0.879333
0.500028
-0.311765
0.000794549
1.20993
-0.104428
1.15316
-0.923409
-0.691093
-0.53594
-0.0306504
0.162446
0.168941
-0.0681013
-0.547611
0.460063
0.519806
0.168911
-0.901512
-0.627319
-0.63238
-0.287228
0.284451
-1.2528
-0.269048
0.848352
-1.19648
-0.956649
0.140983
0.386327
0.118139
-0.656498
0.0946559
0.823246
0.384028
0.927069
-0.09236
0.816505
-0.0722924
-0.497499
0.631653
-0.773046
-0.911476
-0.653528
-0.412818
0.310095
0.227058
-1.46803
-0.172904
-0.374832
1.19473
0.182394
-1.05955
0.499372
0.101381
0.45825
-0.146672
-0.573588
0.0984816
-0.126442
-0.797041
0.197037
-0.299165
0.532914
0.196679
-0.0222322
0.705945
-0.512955
0.442357
-0.613066
0.17707
-0.470003
-1.11905
-0.432515
-0.00502931
0.0190326
-0.352669
-0.659227
-0.46233
-0.720721
1.17295
-0.186801
1.3475
0.543807
-0.72672
-0.367999
0.250616
-0.0634211
-0.392276
-0.0630426
-0.0698766
0.985182
0.139405
-0.21682
-0.565903
-2.07163
0.498669
1.01629
0.794778
0.351709
0.0114447
1.13621
-0.112178
0.0402653
0.290933
0.480587
0.728041
-0.285178
-0.101269
0.790977
0.232747
-0.165825
-0.255779
1.31586
-0.40192
-0.487747
-0.354843
-0.542081
-0.179503
0.278425
1.01478
0.96222
-0.346206
-0.0443465
0.673452
-0.784692
0.730586
1.00822
-0.452177
-0.123105
-0.312429
0.29923
0.199992
-0.282637
-0.519935
0.165076
0.933582
0.370006
0.154322
0.678412
-0.294985
-0.131655
-0.115305
0.0162333
-0.48447
-0.775886
-0.0460334
-0.42182
0.780544
0.497031
-1.26013
-0.290768
-0.774092
0.345164
1.08405
-0.38522
-0.477467
-0.441891
0.745708
0.761321
-0.95486
-0.0317115
0.978627
0.985306
0.144712
-1.31144
0.132164
0.604063
-0.601834
-0.048186
-0.124766
-0.567074
0.115956
-0.383756
0.643673
-0.807891
-1.01832
-0.683994
-0.0407157
0.293657
1.54501
-1.15091
-0.320005
0.387127
-0.396833
0.305827
0.510578
0.298276
-0.0783597
0.350134
0.309201
-0.22162
-0.410697
0.866286
-1.03544
0.530003
1.31053
0.184601
0.191923
-0.0422678
-0.18722
0.185248
-0.366106
-0.192613
-0.940755
-0.797569
0.69411
0.32069
-0.0520281
0.834134
0.594743
-0.354829
-0.235194
0.573402
1.33491
0.256788
0.135711
0.377693
0.364946
0.153914
-0.180836
-0.425816
-0.310401
-0.155156
-0.135111
1.0474
-0.846053
-0.205561
0.316986
0.103651
-0.470861
-0.753776
-0.240267
0.573581
1.01813
-0.535189
-0.641211
2.17856
-0.273969
-0.792615
0.121424
-0.477132
-0.103784
-0.0792415
0.605408
0.170888
-0.162975
-0.337428
0.417641
-0.416796
-0.474991
0.00675674
-0.378835
-0.942655
0.676482
0.249168
-0.0151433
-0.396007
-0.743035
0.706323
0.0995138
-1.65105
-0.632715
0.0572274
0.31078
0.608682
-0.298916
0.368335
0.173566
0.175977
1.34588
0.869946
0.29308
0.622475
-0.281237
-0.524506
-0.686832
-0.688893
0.62143
-0.287913
0.273574
-1.08484
0.426245
-0.154736
-0.0471699
0.0252752
-0.272746
0.142087
0.547691
0.406832
-0.64068
1.31926
-0.836815
0.379163
0.491423
0.588118
-0.87464
-1.34772
0.398669
-0.37054
-0.176349
