2.92854
2.06876
2.30621
2.1599
2.24589
2.06961
1.63788
2.49959
2.25969
1.92796
1.89769
2.5483
2.39145
2.01506
2.15429
2.20225
2.48299
2.37631
2.5131
2.72623
2.98795
2.71229
2.54148
2.41653
1.81718
3.09641
1.77158
2.81442
2.32646
2.28979
1.76652
2.69516
2.46849
1.93432
2.36864
2.06008
2.51372
2.47072
2.14674
2.31511
2.33787
2.36004
2.77506
1.9847
2.4438
1.9422
1.3418
1.91307
2.19062
2.59223
2.89461
1.88957
1.32147
2.46582
2.48931
2.16861
2.10326
1.8744
2.37596
1.39821
1.44097
1.81101
1.98233
2.40201
2.35825
2.62185
2.76287
2.47236
2.07555
2.1475
2.3819
2.14043
1.49661
2.53902
2.47442
2.97252
2.01912
2.88852
2.23174
2.42158
1.87416
2.1173
2.37354
2.56512
2.4521
2.17382
2.08528
1.70431
2.27442
2.64564
1.73073
1.95963
2.12117
2.08649
1.69008
2.17994
2.1021
1.94137
2.2182
1.94819
2.43225
2.15406
2.31142
2.19761
2.30752
1.81758
2.04801
2.49112
2.82659
2.14379
1.32041
2.24241
1.948
1.73423
2.23336
2.56212
2.42397
1.90805
2.25024
1.71518
2.52234
2.3203
2.70183
2.54086
3.349
2.14946
1.92408
2.74411
2.36243
2.51781
2.63333
2.06671
2.59228
2.61577
1.83556
2.10371
2.44849
2.47956
2.626
2.43672
2.56053
2.31874
2.07856
2.46096
2.10423
2.72466
2.21169
2.31465
1.92152
2.61965
2.22518
2.27961
2.32289
2.1728
2.89724
2.50331
2.05353
1.41318
2.5396
2.11329
2.711
2.26587
1.68424
2.3135
1.62655
1.86222
1.81151
1.62524
2.61738
2.70261
2.22264
2.5252
2.39285
2.298
2.19236
1.83423
1.68218
2.1443
1.86445
2.42744
1.99681
2.07082
1.29153
2.39887
2.31339
2.45707
1.92535
1.63023
2.17637
2.68334
2.74509
2.39965
2.55599
2.17371
2.18527
2.16506
2.39411
2.41189
1.9219
2.38565
