2.0562
1.77403
0.841261
1.46594
2.46975
1.15469
1.32961
1.93731
2.00782
0.493554
2.2161
1.59757
0.96834
0.940181
1.92541
1.29218
1.78901
2.01461
1.48618
0.89377
1.94478
1.88949
1.72349
2.20012
0.295987
0.210302
0.894058
2.09219
2.13701
1.91875
2.03593
2.05641
2.71727
1.19975
1.93324
0.370062
1.56412
1.48007
0.726086
2.481
1.75239
0.95543
2.12989
1.85789
2.04491
0.798718
1.0616
1.62399
1.56606
1.09662
1.08689
2.00752
1.10405
2.06137
1.22416
1.76146
0.948087
1.48991
3.3352
1.92532
1.51275
1.73546
0.55416
0.845218
1.82052
2.18754
2.31614
1.79833
0.518105
1.48942
1.34582
2.08089
1.33258
1.58088
2.48835
0.978023
1.3953
1.21687
0.675675
0.905481
2.03556
1.12719
1.18103
0.63724
1.77897
2.09967
2.63073
1.65269
1.94629
1.14088
1.56397
1.77995
1.48956
0.761026
2.08922
0.840432
1.2259
1.2528
1.1556
2.64244
1.71079
2.1553
2.6482
1.76769
2.97152
1.98484
2.09966
1.29848
1.35216
0.742333
1.99886
1.69035
2.15673
1.15292
1.94433
1.29942
1.86441
2.2082
1.57169
1.90154
1.91911
0.803118
1.31376
1.04194
1.92602
2.27655
1.92155
2.3175
1.41412
1.63688
2.39281
2.07533
1.72046
1.10578
1.36939
0.545828
1.14168
2.69001
0.771785
1.88772
0.754351
1.90637
1.89506
1.1668
1.3932
1.84712
1.33196
1.75792
2.09219
2.3362
1.5153
1.85289
1.10897
1.38494
2.14821
0.990302
1.33205
1.68319
2.02833
1.16744
1.3722
1.32903
1.82796
2.51437
1.90993
1.29046
1.11173
2.05961
2.26238
1.01654
0.770123
1.302
1.02724
1.35263
1.10177
1.89261
1.92214
2.12546
1.73499
1.85843
1.62984
1.13653
1.90876
1.9822
2.48697
1.47885
0.729685
1.75561
1.53628
1.54047
1.56196
2.2493
0.92682
1.88994
1.66839
2.18184
2.04032
-0.083854
0.801956
2.02322
1.83705
2.20716
2.3813
1.35108
1.25966
0.493175
1.85594
1.69171
2.21923
1.87692
1.23436
1.26611
1.1271
0.848814
1.1072
1.7293
1.52582
1.21518
1.00082
1.42772
2.08706
1.96417
2.05092
1.11993
2.37958
1.18496
1.66465
2.00731
2.23275
2.12764
0.194015
1.08873
1.21815
2.52557
1.71021
1.95894
1.54082
1.06139
1.71707
1.69637
1.05664
2.31131
0.839299
2.24808
1.73626
1.20171
1.05902
1.14589
0.903662
1.53003
2.44726
1.88871
1.8185
2.25632
2.07507
1.11795
2.04786
1.30705
1.44639
1.61842
1.56877
1.7107
1.19102
0.737446
3.06485
2.25117
2.57165
1.16463
2.32107
2.25299
0.432897
1.55019
1.6292
2.26137
0.909223
2.76611
1.78785
1.76049
1.14077
1.22788
1.66201
0.613069
1.88182
1.12927
1.14689
1.60321
0.854518
1.02228
2.20081
1.98514
2.40576
2.17626
1.43969
1.26547
2.27852
1.11086
1.16644
1.23125
1.71355
2.34005
2.33376
1.2948
1.32302
1.59594
1.447
2.10832
1.01353
1.66861
1.31323
1.37155
0.973082
1.30923
1.33691
2.57749
1.90222
1.02854
0.886899
1.11757
1.33731
1.64827
1.94978
1.61967
1.61721
0.882244
2.06536
2.2223
2.85812
1.383
1.984
0.578569
1.77005
2.02923
2.20585
2.21464
1.54411
1.36032
1.74542
1.61963
1.02981
1.62705
1.81173
2.21949
2.18571
2.08166
1.9699
1.30551
2.02179
1.11528
0.363844
2.1349
1.2686
1.87803
1.79808
2.16343
2.11082
0.59177
0.673406
1.91946
1.59695
1.45539
2.10587
2.36453
1.54519
1.75378
2.00517
1.50581
1.78189
1.54333
1.61133
2.02566
0.964968
1.51259
2.01556
2.66089
1.61993
1.3404
1.1786
1.54338
1.93237
2.13837
2.10548
1.93509
0.422666
1.58798
2.41077
2.42315
1.14012
1.96371
1.4906
2.30841
1.45359
1.94644
2.71437
2.19567
2.7892
2.0592
1.15922
1.78972
1.5565
2.16216
0.277368
0.567703
1.59804
1.64804
1.64355
1.25684
1.64707
2.08311
1.89893
1.45333
0.985714
0.933189
1.37472
1.86174
2.6793
1.33765
1.5244
2.09373
1.49807
1.5535
1.84749
1.77182
1.4555
2.09456
1.51348
1.03549
0.629428
2.30643
1.83597
0.863711
1.92988
2.0326
2.20401
1.03475
1.4229
1.5821
1.70317
1.66332
0.751298
1.8812
1.59207
1.25308
1.87791
2.01713
2.02388
1.3999
2.29346
1.7282
0.860354
1.68046
2.19584
1.19491
3.1939
1.13446
1.93623
0.577659
1.90806
1.50248
1.32106
1.22099
1.32976
2.22449
1.48631
2.75684
1.98915
2.41342
1.5874
2.28664
2.04727
2.17293
1.02957
2.10165
0.67049
1.40138
0.653355
2.22618
1.19184
2.0477
0.822259
1.73719
2.28991
1.39861
1.9601
1.89299
1.53968
2.13461
2.85071
1.245
1.49642
1.42698
1.58297
2.22729
3.08794
0.327456
2.47579
0.933169
2.3512
2.11523
2.07596
1.253
1.73046
2.44164
1.48654
1.39597
2.52537
1.6463
1.00886
2.94333
1.01512
0.0589257
1.19026
2.74458
1.79561
2.21187
1.78106
1.81934
2.35671
2.01111
1.98758
0.945738
2.17836
1.55918
1.97521
1.8078
2.19657
1.26004
2.24022
0.725638
1.21757
1.28532
1.73348
2.05817
2.25978
2.10804
0.776409
1.38742
1.53285
1.60642
0.305057
1.78641
2.47892
2.17874
1.27029
1.55903
1.29817
1.43969
1.26273
3.10712
1.70541
1.51606
2.66044
1.83863
1.73353
1.45715
1.54211
1.3277
3.1472
2.25549
1.44441
1.49896
1.04413
2.09095
2.42703
3.05439
1.75864
1.54771
1.63473
1.4166
0.418893
1.20183
1.33181
1.18206
2.59413
1.93774
1.37062
0.592402
0.915576
1.16484
1.97586
1.26038
1.41935
2.19372
0.861778
1.83595
1.41741
1.85377
1.54648
1.55743
1.82177
0.306784
1.63042
2.26998
1.88329
0.943697
2.42746
0.86279
1.08085
1.6883
1.10954
1.20243
1.60685
1.04501
1.9172
1.77766
0.802729
1.47247
2.47912
1.83923
2.54857
2.26109
3.14653
1.75678
2.57606
1.30872
1.41884
1.35258
1.15431
1.93075
1.7391
2.22068
1.21085
2.35572
1.62613
1.09154
1.99572
0.395282
1.74333
1.46686
2.08215
0.988038
2.86985
1.01309
0.582198
2.24664
2.09745
1.08336
1.75759
1.426
1.8066
1.70883
1.13672
1.53728
1.63098
0.944136
2.05946
1.6206
1.49606
2.1863
2.58208
0.994287
1.11408
0.964288
1.25143
2.83559
1.772
0.819404
1.64464
2.23747
1.49512
1.08768
1.23633
0.741596
1.66105
1.46737
1.65896
0.433172
1.03599
1.79727
1.75719
2.07558
1.47759
1.99488
1.2627
1.08967
1.09336
1.99135
1.75709
1.44163
1.52337
2.03999
1.81301
1.67996
1.92418
1.61243
0.837978
2.02713
1.09435
1.85332
2.15788
1.58445
1.89431
1.18696
2.09912
1.75828
1.27184
0.834285
1.58664
2.49676
1.30508
1.4428
2.0675
1.47806
1.18691
1.1414
1.55296
1.6346
0.971504
1.27645
0.612943
1.89918
2.42063
1.57355
0.348929
1.9561
2.88212
1.95446
1.48966
1.3787
1.7234
1.17948
1.35768
0.808407
1.96542
1.93489
2.18708
2.52601
1.35611
1.51408
0.837959
1.6715
2.04616
1.29915
2.26098
1.3111
1.42577
1.84189
2.729
2.17037
1.3475
1.39453
1.73309
1.04506
2.7995
1.20478
1.77457
2.05704
2.32482
0.57079
1.14993
1.40859
2.17005
1.33713
1.65158
1.30316
2.03978
1.51303
1.79007
1.38381
1.69211
1.14016
0.989563
1.45162
1.22489
1.22857
2.29917
1.50056
1.81402
1.35913
1.87048
0.991705
1.32125
1.79909
1.29187
1.96489
1.98997
2.62918
0.898346
0.452509
1.72725
2.44064
2.12124
1.63583
1.18156
1.30921
1.65792
1.53086
2.73865
0.522765
1.99767
1.25637
1.57739
0.517317
0.90663
2.47351
2.19746
1.5407
2.41366
2.36347
1.10428
0.833015
1.8922
0.717218
1.44807
1.8742
1.622
2.10627
2.31766
2.50493
1.78192
1.97924
1.84278
1.43695
1.18151
1.34836
2.85489
0.806035
2.15651
1.85241
2.113
2.0856
2.33141
1.41936
2.0495
1.70735
1.78858
1.84485
1.07427
2.16574
0.45865
2.81193
0.823524
1.71294
2.22529
2.47287
2.0432
1.76167
1.5442
2.65121
1.31328
1.09022
1.59208
1.34649
1.82902
1.87769
1.64181
1.68285
1.64305
1.11847
2.25659
0.930981
1.5822
1.61647
1.98102
0.885116
1.3712
1.56064
1.26463
1.44111
1.06984
0.852082
1.93963
1.88838
2.4097
2.07739
1.594
2.30593
1.24373
1.70557
1.8372
1.10878
2.63245
1.60815
2.36341
1.90436
1.02893
1.42202
1.78607
1.84963
2.06134
2.63913
1.19543
1.93907
1.642
1.45082
1.20733
1.75331
2.20263
0.791709
1.98734
1.83389
1.53121
0.887916
1.9824
2.18437
1.50872
1.10828
1.93321
1.47362
1.18632
1.28514
1.15732
2.37205
1.23797
2.37379
0.734615
1.61615
1.62697
2.66261
2.28017
1.35034
1.66524
2.13495
2.71131
2.13051
1.60605
1.84176
1.22729
1.1716
1.29309
1.8937
1.98583
2.1269
1.64414
1.67604
2.07563
2.26937
1.30303
1.33318
1.40488
1.61362
1.77137
2.64262
1.23652
2.08904
1.38965
1.62494
2.00145
1.87523
1.36479
2.3728
1.99831
2.07532
0.583132
1.2148
0.780762
1.70485
2.48591
1.19676
1.59165
1.658
1.83994
1.2019
1.40705
2.0146
0.985372
1.31573
1.93262
2.17523
0.921166
1.65111
1.3922
1.82157
2.04045
2.00944
1.68943
1.8412
0.89889
2.54447
1.49616
2.46348
-0.0861091
2.18788
2.02597
2.0833
1.85485
1.95865
0.607665
1.43116
0.688575
1.33191
1.40454
2.4893
1.76124
2.93406
2.4983
2.33465
1.99388
1.41385
1.1497
1.42523
0.324435
1.98499
1.54753
1.71457
1.75571
2.1316
2.22605
1.33293
1.1889
1.78041
