2.83486
2.38463
3.17251
2.58651
3.09531
2.89982
2.9252
2.52329
3.01184
3.32805
2.53325
3.03138
3.24497
3.35469
2.60661
3.26237
2.45353
2.52162
2.70544
2.8316
2.97951
3.17831
2.01133
3.24511
2.97227
2.76434
2.87692
2.92766
2.50013
2.36478
2.31904
2.65835
2.9153
3.44772
3.72276
2.81212
2.89399
3.32705
3.18228
2.9812
3.49362
2.93541
2.61708
2.99522
2.25413
2.85923
2.91629
2.70435
3.01701
2.75237
2.74091
2.98128
2.44608
2.70431
2.07333
2.74539
2.86909
2.39534
3.17815
2.31988
3.06161
2.1731
2.97312
2.6413
3.47806
2.70899
2.32084
3.4671
2.74849
2.86419
2.83998
2.198
3.06094
3.09551
3.1094
2.71773
2.47215
3.0337
2.73117
2.61357
2.61726
3.1943
2.75118
2.86732
3.30364
2.77516
2.50384
2.36331
2.64674
3.02781
2.78006
2.85821
2.73366
2.48175
3.37544
2.51705
3.03857
3.16162
2.83668
2.99556
2.71021
2.76466
3.46001
3.07223
3.07635
2.20228
3.03493
3.04155
3.23933
3.09339
3.15632
2.6787
2.93809
2.6657
3.29037
3.0567
3.0201
3.30427
2.57956
2.76077
2.65237
2.9247
2.56406
3.10651
2.74347
3.08872
2.68155
2.98028
2.7919
2.7583
3.05351
3.42647
2.72253
3.04553
3.14075
2.56881
3.45032
3.09171
2.61803
2.61696
2.20413
2.75261
2.29914
3.25908
2.64156
2.82884
2.83111
3.35471
3.33199
2.92554
2.80745
3.25907
3.21556
2.15118
3.16811
2.72497
2.93409
3.43233
2.82678
3.34436
1.88681
2.65188
3.30874
3.11632
2.15512
2.65635
3.35257
2.62527
3.42647
3.15668
2.76704
3.06858
3.37808
2.90002
3.36494
2.4393
3.52765
3.00762
3.03237
3.04433
3.22772
2.43184
2.91965
3.01597
3.05803
3.13571
2.56095
3.32677
3.63941
3.02025
3.15545
2.29792
2.89352
2.59765
3.46909
3.21854
3.41467
3.21103
2.59742
2.90483
