-0.379572
-0.122121
-0.636619
-0.428881
-0.589071
-0.683829
-0.115633
-0.587549
-0.12404
-0.495591
-0.26489
0.483849
0.297298
-0.515119
-0.283703
-1.25132
-0.359214
0.145084
-0.348902
-0.129431
-0.0424846
-0.304868
0.110503
-0.059149
-0.399362
-0.960473
0.177996
-0.203223
-0.505159
-0.504407
-0.819071
-0.49379
-0.423199
-0.239558
-0.975482
-0.755078
-0.157576
-0.764007
-0.2669
-0.467172
-0.0416972
-0.58948
-0.146512
0.489238
-0.428295
0.247143
-0.336825
-0.2775
-0.00796276
0.0618163
-0.0297917
-0.0961248
-0.0755939
0.200525
-0.342101
0.0633204
-0.832013
-1.09468
-0.716885
-0.146317
-0.675177
-0.139293
-0.187998
-0.103615
-0.433255
-0.368132
-0.597507
-0.456662
-0.523477
0.151665
-0.122613
-0.446642
-0.495537
-0.271388
-0.255234
-0.496888
-0.117741
-0.299244
-0.541772
0.147104
-0.555132
-0.0982104
-0.596731
-0.336761
-0.708723
-0.331575
0.312073
-0.0553535
-0.398125
0.195664
-0.724879
-0.879893
-0.564651
-0.138554
-0.31085
-0.306461
0.00898009
-0.558413
-0.517328
-0.0974797
0.511399
-0.400052
-0.19588
0.370852
-0.439769
-0.999972
0.0179673
-0.275524
-1.05907
-0.00360844
-0.0701799
-0.267255
-0.750032
-0.0878789
-0.256311
-0.298271
0.125707
-0.010637
-0.655974
-0.405449
0.0657666
-0.452334
-0.348704
-0.621849
-0.406199
-0.245218
0.00693841
-0.28579
-0.200954
-0.77377
-0.0149235
-0.659514
-0.507718
-0.721206
-0.19853
0.28396
-0.455253
-0.837619
-0.18147
-0.466421
-0.638557
-0.475957
-1.05255
-0.750225
0.00762666
-0.556168
-0.421529
-0.455551
-0.765139
-0.262515
-0.316684
-0.321246
-0.26722
-0.544138
-0.429186
-0.401452
-0.611466
0.0556628
-0.708915
-0.240555
-0.0737468
-0.134268
-0.51937
0.56334
-0.0648141
-0.723998
-0.309376
-0.62274
-0.866922
-0.492352
-0.0094319
-0.216918
-0.168912
-0.147405
-0.536119
0.320246
-0.276884
-0.311276
-0.243732
0.609953
-0.710599
-0.226186
-0.463541
-0.126432
-0.135372
-0.130428
-0.313686
0.103216
-0.636622
0.0595319
-0.544988
-0.135706
0.479833
-0.627086
-0.795759
-0.383089
-0.262748
-0.769889
-0.302631
0.0762951
