-1.634
-2.71383
-2.23824
-2.56289
-2.16858
-1.98603
-2.88738
-1.59894
-1.4059
-2.40413
-2.14964
-2.34409
-1.62393
-1.50374
-2.54087
-2.61478
-1.9034
-2.71241
-2.29032
-1.98386
-2.23559
-2.67585
-1.84188
-2.12501
-1.94942
-1.70858
-2.68975
-2.29948
-2.13083
-2.21135
-1.99033
-1.88916
-1.97965
-1.58669
-2.25144
-2.46512
-1.98635
-2.55562
-2.46777
-1.94828
-1.8626
-2.65025
-2.18336
-2.1778
-1.87223
-2.18337
-1.93423
-1.98167
-1.61705
-1.91951
-2.22014
-1.61947
-1.60623
-2.24082
-2.39293
-1.95497
-2.25198
-1.60157
-2.05744
-2.21809
-2.34291
-1.60257
-1.9733
-2.57765
-2.05573
-2.41283
-2.03319
-2.01967
-2.55653
-1.9309
-2.43026
-2.29898
-1.72369
-2.36373
-2.2485
-1.67307
-2.13631
-1.95007
-2.18435
-2.21909
-2.16329
-1.44956
-2.39149
-2.42831
-2.44489
-2.17378
-2.6067
-2.05289
-2.29074
-1.83883
-2.14553
-2.37579
-2.32381
-2.26519
-1.47167
-1.84305
-1.61424
-1.84939
-2.02615
-2.65016
-1.94855
-2.00879
-2.21825
-1.72872
-1.90822
-2.16853
-2.09987
-1.53461
-2.05365
-2.08564
-1.68742
-1.60068
-1.77098
-2.31663
-3.15956
-2.03803
-1.95663
-1.87442
-2.64123
-1.93219
-1.94988
-1.85903
-2.36467
-2.03412
-1.59718
-2.23823
-1.89471
-2.04722
-2.25167
-1.73982
-1.94336
-2.39474
-2.04082
-2.27004
-2.44476
-2.14419
-2.14181
-2.38333
-1.48583
-2.08077
-2.52732
-1.83199
-2.19708
-2.36817
-1.98091
-2.23112
-1.84144
-2.07557
-1.29859
-1.97805
-2.13572
-2.23445
-2.84258
-1.85675
-1.96904
-2.35194
-1.91176
-1.93154
-1.96923
-2.08234
-2.15656
-1.98352
-2.02183
-2.42062
-1.76427
-2.4695
-2.04218
-2.30449
-1.63213
-1.84305
-1.98507
-2.21925
-1.77889
-1.91147
-2.10897
-2.29182
-2.12814
-2.18201
-2.26522
-1.96416
-1.87202
-2.52439
-2.17978
-2.25823
-1.86129
-2.35206
-2.83742
-1.75317
-2.09318
-2.47594
-1.50211
-1.88297
-1.97508
-2.20927
-1.55956
-2.49807
-2.65826
-2.13057
-2.28029
-1.8598
