0.0780841
-0.637621
-0.643709
-0.568991
-0.560746
0.188932
-0.242388
-0.038348
-0.427002
-0.171365
-0.0686762
-0.0784382
0.165922
-0.401041
-1.06298
-0.542963
-0.489964
-0.299712
-0.731013
-1.15846
-1.04516
0.0547039
0.183783
-0.828379
-0.494485
0.00747208
-0.256499
-0.13817
-1.01658
-0.729516
-0.608063
-0.68641
-0.281327
-0.142471
-0.476661
0.193444
-0.542392
-0.176468
0.177074
-0.698079
-0.416017
-0.872297
-0.178951
-1.05741
-0.451186
0.35567
-0.550332
-0.122894
-0.0209115
-0.249768
-0.00292525
-0.490185
-0.792363
0.243107
-0.51356
-0.326779
-0.796851
-0.14664
-0.673776
-0.428019
0.115284
-0.474798
-0.919394
-1.12612
-0.724774
-0.79147
-0.0440558
-0.190988
0.116021
-0.0560946
-0.234166
-0.187422
-0.92744
-0.40913
0.108326
-0.723848
-0.360267
-0.173231
-0.92451
-0.022198
-0.419403
0.0967631
-0.678849
-0.72278
-0.70832
-0.378567
-0.507537
-0.392072
-0.524457
-0.631238
-0.241324
-0.274678
-0.196066
-0.420771
-0.511289
-0.171407
-0.649247
0.463736
-0.431291
-0.32378
-0.512061
-0.0861207
-1.13051
-1.01586
-0.192777
-0.45568
-0.331396
-0.482053
-0.126432
0.190844
-0.977898
-0.0939214
0.11386
-0.180727
-0.826218
-0.382818
0.127986
-0.706521
-0.0535228
0.157703
-0.727698
-0.0355238
-1.28315
-0.821228
0.060121
-0.0239232
-0.0961971
-0.42896
-0.313096
-0.686068
-0.129099
0.0998327
0.0624486
-0.374767
-0.381495
0.214573
-0.338709
-0.312914
-0.312226
-0.905433
-0.485324
-0.475679
-0.0682623
-0.459235
-0.568537
-0.486712
-0.0544417
-0.62639
-0.302612
-0.546737
0.0181827
-0.905371
-0.911741
-0.277247
0.0208993
-0.690753
0.286832
-1.00268
-0.0908134
-0.193474
0.187826
-0.324311
-0.720621
-0.727913
-0.358622
-0.684309
-0.279563
-0.384521
-0.278756
0.523695
-0.00781896
0.180311
-0.727399
-0.671714
-0.152101
-0.507819
0.0132661
-0.221976
0.163143
-0.13038
-0.116582
-0.759483
-0.967149
-0.296193
-0.989535
-0.696637
-0.512417
-0.659935
-0.710858
-0.340894
-0.862242
0.0892227
-0.102579
-0.700229
0.0865004
-0.491701
0.0147408
0.248855
-0.820885
0.142101
