-0.134505
0.0507404
0.612453
-0.0782062
-0.14816
-0.0477689
0.0464251
0.155987
-0.0391636
0.20384
-0.221296
0.120027
-0.0536754
-0.652424
-0.0114526
-0.0810874
-0.635855
0.0416074
0.945023
-0.275489
0.0819886
0.061087
0.267722
0.16543
-0.019351
0.0265992
-0.0681656
-0.162932
-0.429258
0.00904725
0.386254
-0.357251
0.216652
-0.116303
-0.395688
0.245138
-0.625648
-0.261107
0.554913
0.0247076
0.489231
-0.304512
-0.135475
0.189081
-0.0263048
-0.0551306
-0.142518
-0.0644471
-0.0935276
0.242092
0.11479
0.394379
-0.0688283
0.172659
0.228074
-0.0192181
0.342057
-0.485084
-0.0662889
0.70334
0.154916
-0.1354
-0.372477
0.402174
0.230929
0.0388902
-0.196892
0.28427
0.322933
0.36127
0.244573
-0.710606
0.562904
-0.3748
0.00873225
-0.418008
0.273698
-0.124654
-0.323646
0.220253
0.13459
0.106059
-0.287928
0.0586909
-0.115389
-0.304801
-0.381136
-0.543741
0.00585472
-0.417073
0.74878
0.118044
0.169603
0.306684
-0.122231
-0.259689
-0.279161
-0.0563967
-0.0317792
0.345029
-0.0164208
-0.398822
-0.394923
-0.241036
-0.651761
-0.228259
-0.216093
-0.587737
-0.0885454
0.161687
-0.24162
-0.212011
0.693205
-0.105217
0.0316477
0.665208
-0.554404
0.111868
0.220814
0.288976
-0.429163
-0.3803
-0.165424
0.344584
0.204136
-0.232379
0.0926115
0.415463
0.146695
-0.0855035
-0.0625253
0.243296
-0.0705713
-0.115535
0.444172
-0.184716
-0.18628
-0.216721
-0.355019
-0.383515
-0.176687
0.142569
-0.57311
0.127987
0.497282
0.180541
-0.256414
0.0752946
0.263969
0.193359
0.137672
-0.239604
-0.133997
-0.0351665
0.0617761
0.493689
-0.156798
0.106918
-0.613001
-0.121361
0.461651
0.112451
-0.0605828
0.000816618
-0.150169
0.0396063
0.459523
-0.0634523
0.388911
-0.0128132
-0.503666
-0.0232155
-1.09929
0.363461
0.132937
0.211368
0.426894
-0.0472657
0.089706
0.41554
-0.227778
-0.170375
0.525367
0.600102
-0.038732
-0.390262
0.0696017
-0.272079
-0.191222
-0.371813
-0.212815
0.17659
0.428935
0.559539
-0.125856
0.437531
0.297692
0.480121
-0.124469
-0.139139
0.459652
-0.263497
-0.0673777
0.798655
-0.71934
-0.325665
-0.220897
-0.172015
-0.298195
0.0263625
-0.114799
-0.278589
0.00583914
-0.050936
0.130074
-0.0214718
-0.30624
0.0262851
-0.484673
-0.565241
-0.0462581
0.419805
0.0461933
0.23131
0.334273
-0.0443841
0.0374001
-0.208353
-0.00095676
0.066905
0.383555
-0.804198
0.145624
-0.222619
-0.236804
-0.308054
0.0152362
0.379755
-0.400954
-0.136945
-0.182337
0.0854926
0.0190697
0.0170958
-0.316194
-0.0860766
0.695729
-0.183161
0.238473
0.0887959
0.129703
0.26762
-0.111839
-0.13567
0.350384
-0.505235
0.456973
0.126797
0.234947
-0.0155254
0.00686892
0.140029
-0.0646191
-0.24716
0.337111
0.0444629
0.190031
-0.461187
-0.00811627
0.0800732
0.213916
0.0209988
-0.615698
0.536564
0.219183
-0.0513158
-0.647488
0.139374
-0.332553
-0.416628
0.14688
-0.180475
0.0646257
-0.118361
0.25406
0.141164
-0.00307137
-0.224808
-0.272353
0.673759
-0.192642
-0.390281
-0.392592
0.393383
0.0856985
0.456044
0.00855787
0.0840685
0.252514
0.67766
-0.0213886
-0.268925
0.211149
0.0367738
0.181825
-0.353676
0.170881
-0.0563272
-0.195944
0.0631111
0.664699
-0.149983
-0.128178
-0.101504
0.693898
-0.10848
-0.262672
0.0623604
0.287194
0.256436
0.183362
-0.127978
0.0500155
-0.475327
0.00662411
-0.435954
0.227609
-0.222794
0.149168
0.211432
0.37459
-0.415481
-0.0874931
-0.539836
-0.163717
0.341367
-0.144599
0.379645
-0.486637
-0.157117
-0.290682
-0.150683
0.590378
0.270908
0.221954
-0.442967
0.480436
0.624679
-0.293006
-0.11875
-0.104116
-0.592808
-0.0730426
-0.522278
-0.119649
0.258045
0.0591605
-0.164652
0.377007
0.801466
0.150677
-0.351729
0.16233
0.482687
0.351609
0.0404503
0.164628
0.00359686
0.3409
0.13152
-0.02241
0.0866932
0.209398
0.343787
0.180902
-0.0582897
-0.391658
-0.511396
-0.597141
-0.488481
0.34449
0.266527
-0.0468647
-0.330865
-0.786614
0.0239363
0.0332972
-0.0961882
0.116546
-0.198605
0.138477
0.242275
-0.241016
-0.00712842
0.0885394
-0.662717
-0.0538927
0.566956
0.592231
0.230113
-0.188563
-0.0837052
-0.509966
0.226525
-0.324849
-0.61454
-0.280671
-0.220576
-0.638558
0.479902
-0.343382
0.583199
0.0379442
-0.0921774
0.0866902
-0.17583
-0.521701
-0.217822
0.196934
-0.635071
0.270236
0.247781
0.562493
-0.398388
-0.783527
-0.755745
-0.0203564
0.0184512
0.0651278
0.158458
-0.0979032
0.463977
0.493702
-0.221001
-0.575348
0.423541
-0.761883
0.322637
-0.441766
0.47102
-0.16364
0.7613
0.306075
0.0965654
-0.286809
-0.159104
-0.0500998
0.052468
0.227598
0.276163
-0.475645
0.463786
0.130027
-0.0347051
0.543646
-0.22146
-0.194124
0.0835753
0.0352039
-0.183377
-0.0818108
-0.00178956
0.246119
-0.190918
-0.0116516
0.160101
-0.403359
0.238493
0.346619
-0.785618
-0.669974
0.223561
-0.196866
-0.379921
0.196036
-0.175509
-0.539183
-0.0955274
-0.371074
-0.387935
0.0982728
0.148247
-0.306831
-0.0400941
0.475053
-0.0326871
0.412862
-6.80656e-05
0.183813
-0.268115
-0.0314029
0.0240828
-0.301703
0.894627
0.0672318
-0.189481
-0.295533
0.00226365
-0.0756695
0.0731593
-0.29935
0.979788
0.10158
0.0914031
0.302668
0.00316796
0.152843
-0.085811
0.105807
0.551771
0.0800422
-0.336884
0.729454
0.917179
0.457661
0.234691
0.0123833
-0.200964
0.387593
-0.11155
-0.23592
-0.469572
0.369234
0.26287
0.0191581
0.0481002
0.196408
0.0899414
-0.495934
-0.0927058
0.168955
-0.124168
0.202876
-0.0820276
0.260986
-0.366733
0.480826
-0.308841
-0.0581892
0.153679
0.386281
0.444548
-0.19796
-0.141439
-0.185792
0.0254727
-0.273825
0.139637
-0.205487
0.646118
-0.0142556
0.0951431
-0.130963
-0.0732015
-0.080307
0.0184647
-0.0594824
0.281388
-0.431031
-0.291949
0.07451
-0.343155
-0.0448067
0.546588
0.162098
-0.00476898
0.619482
0.401987
-0.164406
0.426819
0.517246
0.210606
-0.0507807
0.366858
0.149664
0.402828
-0.050507
0.212406
0.277273
-0.0831578
-0.117917
0.175398
0.165095
0.530518
-0.362508
0.0948793
-0.288689
-0.0155048
-0.226885
0.523932
-0.509908
0.144436
0.672688
0.809071
-0.0295296
0.233314
-0.757648
-0.271657
0.350525
-0.127139
0.542707
-0.118869
0.0680033
0.04808
-0.108702
0.255615
-0.0376143
-0.316569
-0.205114
0.0355581
-0.188546
0.354124
-0.0601937
0.399523
-0.606143
-0.237858
0.284686
0.0761256
0.590301
0.169482
0.108685
0.0536389
-0.668223
-0.276898
0.391178
0.484684
0.119266
-0.280176
-0.135397
-0.0935291
-0.361882
0.0733422
0.0527557
0.181044
-0.0361311
-0.311385
-0.0434443
-0.164699
-0.105446
-0.426415
0.16776
0.587088
0.4833
0.0363827
-0.547526
-0.09288
0.109156
-0.0681647
0.139907
-0.16046
0.672285
-0.281255
-0.010981
-0.243844
0.206131
-0.358772
0.354068
0.0507807
-0.152737
0.45661
-0.604277
-0.373248
-0.242805
-0.627085
-0.0262106
0.147657
0.529062
0.65015
-0.126903
0.0694297
0.588749
0.39588
-0.491026
0.188389
-0.607847
0.580166
0.15831
-0.117909
0.450138
-0.21193
-0.227281
-0.492286
0.0647666
0.078223
0.404879
0.296162
-0.169619
0.0232394
-0.434225
-0.19063
0.1678
0.0749683
-0.384029
-0.306733
-0.585937
0.103504
0.442668
-0.143422
-0.0105113
-0.368367
-0.405261
0.0341588
0.209924
-0.0076034
0.0502399
-0.387836
0.475577
0.348286
0.463481
0.323424
0.237743
-0.153278
-0.568131
-0.536554
-0.369451
0.358143
0.599799
-0.00771893
0.0853828
0.356615
0.36558
0.455425
0.151831
0.153062
0.504671
-0.0377751
0.0803906
0.0383218
-0.355792
-0.381057
-0.280496
-0.201287
-0.562246
0.0287965
0.0280478
-0.13717
-0.494887
-0.348386
-0.377419
0.0501092
0.130076
0.508232
-0.50594
0.145433
-0.292137
0.0204408
0.143701
-0.607989
-0.0443909
-0.254312
-0.542569
0.0581575
-0.0376183
0.630263
-0.186318
0.194209
-0.226949
0.179633
0.183403
0.031867
-0.0212825
-0.480911
-0.143966
0.215212
-0.0677906
0.580897
-0.0986141
-0.473221
0.260066
0.35584
0.114431
-0.215689
-0.493637
-0.444358
0.409568
0.0490915
-0.763502
0.290624
0.263233
0.14726
-0.349428
0.302828
-0.24789
0.26817
0.362761
-0.0168084
-0.182117
-0.111445
-0.377487
0.308708
0.277142
-0.0158271
0.397771
0.125902
0.283557
-0.35025
0.207139
0.148437
0.352329
0.0574549
0.486317
0.156955
-0.164878
-0.197114
0.0736594
-0.0952488
-0.241372
0.720758
-0.104393
-0.278677
0.275661
0.00164994
-0.356414
0.14305
0.384193
-0.313483
-0.176179
-0.0836304
0.257192
-0.930835
0.352329
-0.674561
-0.533624
-0.161246
0.266347
-0.261807
-0.00395243
0.195709
0.228172
0.604073
0.199278
0.00963139
-0.262999
0.354896
0.113184
0.0872456
0.114601
0.0462753
-0.0917993
-0.304511
-0.113297
0.0622178
0.133685
-0.00177104
0.00862739
0.0954477
0.0813017
-0.109244
0.363916
-0.676444
0.544616
-0.0390235
-0.174428
-0.34396
0.473462
0.0662526
0.304272
-0.339814
-0.666724
-0.066623
0.497722
0.10827
-0.0473031
-0.026536
-0.272074
0.300978
-0.340238
0.115519
-0.407116
-0.554299
-0.192506
-0.215933
0.119069
-0.451865
0.111122
-0.329752
-0.470644
0.27796
-0.274734
0.354174
0.319795
-0.119892
-0.765674
-0.0278546
-0.175946
0.00576734
-0.554763
-0.159728
0.310622
-0.64661
0.972171
0.48424
-0.191751
-0.206724
-0.117109
-0.645785
0.212663
0.0756787
-0.0375094
-0.24789
-0.171531
-0.0668086
0.134538
0.584917
-0.492654
-0.407083
0.202369
-0.305647
0.0339731
-0.127725
0.563463
-0.171751
0.370017
0.0752603
0.515391
0.180217
-0.329788
-0.208971
0.248747
-0.448058
-0.0168694
0.176344
-0.292646
-0.0542865
-0.24101
0.0217718
0.144009
0.242442
-0.216389
0.159775
0.367514
0.182182
-0.071127
0.37164
0.0683467
-0.454043
-0.112038
0.290552
-0.40378
-0.473977
-0.251057
0.456622
0.382762
0.137756
0.1262
0.245658
0.239565
-0.0154814
-0.717906
-0.347633
0.178285
0.262138
0.249765
0.0794006
0.0765395
-0.383209
-0.795269
0.158858
0.294357
0.374307
0.482202
-0.304685
0.212503
-0.305709
0.151669
-0.237586
0.434601
0.0893775
-0.328007
-0.0831951
0.475664
0.186193
0.00725328
0.498683
0.181527
-0.418521
0.488012
-0.311607
-0.0973065
0.387505
-0.112562
-0.208114
0.435019
-0.696297
0.16256
-0.38155
-0.266172
0.121225
0.438526
-0.0131269
-0.140106
-0.136512
-0.0771944
0.0516834
0.0411696
-0.0146376
-0.140697
0.0513936
0.268696
0.321882
