2.15859
1.42479
1.38344
0.970488
1.4183
1.5255
1.99976
1.40342
1.29504
1.21231
1.5878
1.33671
1.16362
1.32572
1.61282
1.07224
1.12692
1.83743
1.46021
1.82473
1.47107
0.939609
0.85765
1.67209
1.57376
1.81642
1.82634
0.839637
1.54193
1.40412
1.63453
1.2272
1.38979
1.58175
1.83425
1.18397
0.988616
1.59109
1.38803
1.85527
1.74255
1.75692
1.97694
1.2085
1.08902
1.57034
1.76475
1.66535
1.45297
1.59701
1.61266
2.21294
1.44853
1.5036
1.08917
2.04736
1.56913
1.85271
1.22717
2.09996
1.58718
1.26604
1.19572
1.55502
1.25224
1.18076
1.7514
1.79704
1.43511
1.67235
1.90799
1.52961
1.86792
1.56247
1.61997
1.44695
1.4424
1.36082
1.48222
1.3347
1.62399
1.84079
1.05445
1.32892
1.62912
1.74198
1.51663
1.335
1.83364
1.63887
2.03322
1.37467
1.78533
1.61732
2.07624
1.914
1.68386
1.40825
1.24506
1.42474
1.33921
1.71127
1.79148
1.69845
1.13824
1.51707
1.20364
1.58664
1.54338
1.35386
1.51715
1.52552
0.618685
2.06275
1.53067
0.902747
1.26438
1.68628
1.43354
1.60804
1.6717
1.26712
1.44667
1.52257
1.21045
1.29024
1.37713
1.64378
1.64578
1.78512
1.38733
1.73931
1.16775
1.51238
1.80478
1.39752
1.54283
1.98465
1.07041
1.57413
1.29984
0.921172
1.65556
1.4158
1.29681
2.13922
1.20675
1.59808
1.50586
1.96417
1.66173
2.40594
1.90662
1.69962
1.84479
2.23831
1.99123
1.54329
1.19442
1.61103
1.84347
1.65479
1.76547
1.17712
2.34226
1.58256
1.1712
1.41766
1.78581
1.29193
1.53816
1.43771
1.42745
1.62756
1.62568
1.38698
1.80351
1.60194
1.23111
1.62688
2.05389
1.78552
1.38724
1.59946
1.10905
1.73653
1.40803
1.03623
1.85775
1.16947
0.94388
1.92388
1.65577
1.87018
1.23166
1.52749
1.5445
1.64642
1.61636
1.47453
