1.19146
-0.886551
0.518424
-0.174028
-0.0571842
-0.271417
-0.63593
0.0371479
-0.902174
1.22959
-0.230045
0.100878
0.333056
-0.684174
0.312223
-0.551274
-0.805322
-0.363532
0.765097
-0.129832
0.422035
0.880524
-0.0233009
0.039452
-0.529104
0.752772
-1.48351
0.699234
0.241818
-0.324998
0.354939
-1.72792
-0.0199482
1.07962
0.247483
-0.330107
-0.847472
-0.095383
0.166434
0.300472
0.316454
-0.129892
0.799126
-0.0509815
0.238407
-0.150848
0.130346
-0.669419
-0.366024
-0.182437
-0.759496
-0.653369
-0.211764
0.115655
0.334223
-0.140677
0.0109782
-0.0716132
1.19345
0.714834
-0.565494
-1.1344
0.841865
-0.417795
-0.385074
-0.871051
-0.768014
0.530095
-0.832569
0.61836
-0.72042
-0.185139
-0.0268388
-0.398294
-0.201916
0.242257
0.444671
-0.429345
-0.273491
-0.26278
0.411466
0.266466
-0.263409
-0.274749
-0.800017
0.322381
0.425534
0.526893
-0.59408
0.302627
0.449843
-0.523556
0.708373
-0.723998
-0.194416
-0.571903
0.90988
1.273
-0.570776
-0.977207
-0.0316699
-1.55305
0.345185
-0.180532
-0.644839
-0.144834
1.29576
-0.0782036
-0.381544
0.0571987
0.389333
-0.232252
-0.397139
0.323779
0.453457
-0.969128
1.00711
0.899517
0.478965
0.0990333
-0.645259
0.0839528
-0.735486
0.879438
-0.608866
-0.348894
-0.721159
-0.704626
0.910565
0.346347
0.0395748
0.208156
0.128399
0.00815088
0.00427465
-0.406207
-0.0284997
-0.064696
-0.615043
-0.187431
-0.841964
0.5539
0.119777
0.0327135
-1.27641
0.0990406
0.517725
-0.597427
-0.021592
0.0266528
0.0671922
-0.156424
0.0255228
0.0346243
-0.857034
0.242436
1.26733
-1.10496
1.04176
-0.989071
1.58261
0.298034
-0.33047
-0.507043
0.213555
0.277708
-0.000185228
-1.20642
-0.0084454
-0.426491
0.788942
0.210152
-1.16475
-0.196925
-0.386829
-0.465811
0.104782
-0.678078
0.645631
-0.760679
-0.5367
0.0757798
0.649602
0.523607
0.30535
-0.00376654
0.113911
0.671838
0.56165
-0.337454
-0.654784
0.274305
0.512969
0.836393
0.812006
0.892953
0.347769
0.62882
-0.873683
0.540115
0.154898
-0.643782
-0.284788
-0.380716
1.05427
0.365749
0.381227
0.848343
-0.783584
0.365491
0.073479
-1.0134
-0.549625
1.03169
-0.915715
0.191657
-0.691602
0.701897
-0.170991
0.460961
-0.288593
0.264996
-0.2796
-0.145901
0.713587
-0.439692
0.0344793
-0.187295
-0.454606
-0.404933
-1.05396
0.0192637
-0.357015
0.320299
-0.924282
-0.403365
0.850155
0.53685
1.20227
-1.12909
0.210014
0.598283
0.661412
-0.126852
0.188965
-0.0034846
0.0804422
0.24433
-1.00098
-0.482812
-0.144414
-0.305519
-0.331023
0.273816
0.072661
-0.322063
-0.137165
0.582614
-0.109528
0.030531
-0.16946
-0.76292
-0.31869
-0.182275
-1.07068
-0.117396
0.58234
0.523109
-0.423606
0.369584
-0.958731
-0.399973
-0.497961
-0.963315
-0.715445
0.101816
-0.0687644
-0.31762
1.14906
-0.282642
-0.865467
0.642619
0.57268
0.274682
-0.836687
0.404135
-0.124388
-0.243189
0.311658
0.0944999
-0.550828
-0.0924816
0.159917
-0.815629
0.279917
-0.104226
1.01315
-0.231405
0.0158119
0.331886
-0.212672
-0.0348932
-0.287941
0.528004
-0.0672786
-0.0876593
-0.105544
0.621418
0.404548
0.81342
-0.576356
-0.543918
-0.305542
0.398615
0.213433
-0.0735952
0.743824
-0.839042
0.690004
0.730208
0.885228
-1.13449
0.330342
0.27293
-0.508711
-0.336572
-0.163701
-0.451234
0.635795
0.433744
-1.03349
-0.302509
0.0002576
0.457805
0.234998
-0.945703
-0.113719
1.03281
0.0888742
0.00912161
-0.379345
-0.448813
0.354428
-0.172866
0.144951
0.663233
0.295846
-0.415173
0.612899
-0.625333
0.303126
0.243768
0.450073
0.265963
0.550844
-0.821507
0.0942277
-0.437314
-0.0230063
-0.267046
0.0991797
0.438318
-0.123819
0.493065
-0.377507
0.337474
-0.65347
0.140076
-1.06787
0.81433
0.486105
-0.251228
0.316454
0.387169
0.4194
0.509865
1.17738
-0.170235
0.212657
0.870774
-0.0570264
-0.113287
0.156753
-1.37965
-0.620179
0.394815
-0.163759
0.0669772
0.181652
-0.484465
0.101353
-1.22793
0.00762262
0.13134
0.468126
0.166272
-0.211677
-0.453566
-0.0220163
-0.390922
-0.127229
-1.28025
-0.791468
-0.555115
0.0793772
0.953014
0.586545
0.428951
-0.156325
1.15895
0.0827412
-0.256098
0.648086
1.05228
0.116531
-0.566797
0.198526
0.564396
-0.353397
-0.470445
0.738225
0.220037
0.142213
-0.0588803
0.246678
0.00626061
-0.271185
-1.5228
0.282782
-0.26486
1.44483
0.0167973
0.299544
-0.0529737
-0.0975388
0.190967
-0.391318
0.371201
0.194613
0.78932
0.413672
-0.46911
0.235011
0.174154
0.309314
-0.315318
0.868169
0.0969286
-0.345345
-0.497613
0.131893
-0.341193
0.0627392
-0.197774
0.268639
-0.0893625
-0.519828
0.260931
0.813683
-0.362937
0.174619
0.653036
0.909394
0.348607
0.702952
-0.398014
-0.132776
0.245238
-0.450035
0.361375
-0.833942
-0.418125
0.7599
0.706991
1.19944
0.193016
-0.541775
0.169137
-0.0633367
-0.383442
-0.338013
-0.399953
0.625714
1.2231
-0.492217
0.795087
0.91131
-0.371356
-0.369446
0.346445
-1.21516
0.149498
0.298681
0.863055
-0.156238
0.204827
-0.026473
-0.917621
0.178638
0.848549
0.124283
-0.245936
0.440776
0.0554416
0.353829
-0.793791
0.345063
0.177948
-0.154784
0.677425
-0.54703
0.340832
0.124842
0.309977
-0.52519
0.319863
0.218801
0.230935
0.266471
0.335872
-0.159909
-0.570993
-0.380544
-0.00437301
-0.207349
0.997833
-0.0521978
-0.00050667
1.02643
0.202228
0.139818
-0.471282
-0.252127
0.431876
-0.153096
0.171244
-0.945992
0.145715
0.130057
-0.0840129
-0.468626
0.136701
-0.258691
0.260918
-1.25816
0.0451108
-0.487761
0.337775
0.497222
-0.520477
-1.19857
-0.71669
0.149904
0.350423
0.402112
0.695062
-0.338968
0.0233778
0.710653
-0.0432999
-0.00930064
-0.71534
0.639979
-0.06532
0.429787
0.786758
0.675649
-0.566387
-0.30291
0.529074
0.614702
-0.50613
0.306234
-0.498725
0.756523
0.322579
0.757361
-1.06717
0.431835
0.136506
0.530625
0.320893
1.06959
0.189319
-0.179667
0.114677
0.73602
-0.0601736
0.0344075
1.64326
0.445489
-0.229242
0.170648
-0.327823
-0.0332125
0.420161
0.00108874
0.702465
-0.0531454
-1.20973
-0.170816
0.501717
0.580323
-0.256208
0.288718
-0.229575
-0.352089
0.756508
0.447472
-0.206403
-0.833582
-0.333239
0.0838773
-0.138081
-0.524535
0.380234
-0.58217
0.0849513
0.297055
-0.530778
-0.234673
-0.577591
0.560766
1.38751
-1.14046
-0.771354
0.0892099
0.757706
0.57221
-0.144203
-0.671975
0.424046
0.154114
0.864926
0.0855399
0.630659
-0.875354
0.311964
-0.540508
0.497529
-0.637562
-0.084525
-0.283553
-0.877272
-0.331877
0.385382
0.846047
-0.385524
0.386822
-0.313212
0.191048
-0.073438
-0.291664
0.134046
0.570872
0.552618
0.490425
-0.807254
1.28132
0.0602025
-0.804656
-0.437191
-0.249147
0.15972
0.173312
0.221677
-1.00424
-0.625371
0.479847
-0.190822
-0.451357
0.290884
-0.626198
-0.219255
-0.104294
0.270436
-0.960493
-0.401621
-0.495219
-1.36195
0.578506
-0.661656
0.383801
-0.442097
-0.748846
-0.48251
-0.40248
-0.198155
0.356666
0.0135801
0.524682
0.434796
0.256781
-0.271662
-0.429514
0.102956
0.0613343
-1.10916
0.951144
0.793639
0.514535
-0.492951
0.250405
1.03457
-0.271003
0.758844
-0.811169
-0.698769
-0.142379
-0.372513
0.18781
-0.151703
-0.31969
-0.493321
0.54679
0.455403
0.0349985
-0.898534
-0.421722
-0.437795
-0.315067
0.368538
-1.5598
-0.154383
0.745177
-0.702961
-0.793172
-0.312842
0.496622
0.507776
-0.428958
-0.217809
0.440831
0.143286
0.253875
-0.0239132
0.510369
0.0985601
-0.538037
0.587106
-0.680981
-1.15135
-0.621063
-0.139373
0.595267
-0.343732
-1.09777
-0.235633
-0.116461
1.50554
-0.0770601
-0.801382
0.149749
0.0550755
0.219715
0.0930869
-0.747192
-0.164449
0.129557
-0.448228
0.255646
-0.0392525
-0.0114643
0.0729123
-0.334928
0.608172
-0.551667
0.430479
-0.502968
0.397312
-0.790223
-1.22188
-0.229505
-0.469957
0.130244
-0.178593
-0.596726
0.0440044
-1.13459
0.864046
0.0180156
0.943794
0.82517
-0.436741
-0.644211
-0.456603
-0.214709
-0.297778
0.158904
-0.225519
0.754152
-0.120754
-0.22075
0.222792
-1.69858
0.383712
0.655855
0.445486
0.10418
-0.110072
0.772185
-0.267333
0.0722365
0.0519988
0.323875
0.59018
-0.1949
-0.013538
0.663263
0.38361
-0.294677
-0.122892
1.95906
-0.533329
-0.519414
-0.151441
-0.940405
0.0950547
-0.172833
0.698755
0.878393
0.499806
-0.11868
0.376421
-0.502075
0.553692
0.911812
-0.125224
0.251602
-0.221189
0.566031
0.475243
-0.108923
-0.408113
0.0176691
0.328263
0.342158
0.484883
0.275898
-0.621165
0.105183
-0.245243
-0.319848
-0.567209
-0.715606
-0.488398
0.0336619
0.736138
0.441116
-0.821272
0.514312
-1.08824
0.139876
0.753668
0.301648
-0.586397
-0.326343
0.725795
0.701735
-0.692553
-0.105314
0.497496
0.912472
0.314738
-1.58869
0.369664
0.351362
-0.500852
-0.28463
-0.126545
-0.371997
0.0955974
0.0114966
0.597327
-0.0326656
-0.913657
-1.17169
0.412854
0.218656
1.18638
-0.390095
-0.185569
-0.265135
-0.304942
0.790307
0.5951
-0.32596
-0.36024
0.0664315
0.277322
-0.519501
-0.434108
0.354752
-0.670127
0.672158
0.924789
-0.174022
0.20135
-0.155142
-0.159467
-0.00477138
0.0560122
0.0460007
-0.38871
-0.758747
0.302824
0.298528
-0.24435
0.900778
0.0494057
-0.493657
-0.236636
0.642556
1.60271
0.184803
0.310692
0.504726
0.128605
0.423488
-0.239113
-0.436626
-0.298115
-0.0954756
-0.413181
1.19082
-0.818541
0.0452924
0.316259
-0.232892
-0.677806
-0.622097
-0.279326
0.291824
0.607228
-0.235956
-0.49084
1.82804
0.0291389
-0.841297
0.0579117
-0.300728
-0.27457
-0.0737878
0.636871
0.519036
0.0764951
-0.0410022
0.421792
-0.301684
-0.395067
-0.359925
-0.464447
-0.501123
0.0918651
0.260532
0.171831
-0.260583
-0.695649
0.545026
0.289838
-1.76642
-0.223596
-0.123158
-0.0284577
0.162898
0.0664329
-0.198997
-0.39425
-0.450083
0.809716
0.959443
0.108371
0.426402
-0.173555
-0.441453
-0.677047
-0.286875
0.414283
-0.229311
0.661161
-0.541668
-0.0698103
-0.250722
-0.0473439
0.194968
-0.329588
0.194343
0.542807
0.166764
-0.677015
0.728631
-0.190661
0.528616
-0.00023011
0.745252
-0.743211
-1.70109
0.220647
-0.298404
-0.0618709
