-0.489588
-0.981354
-0.668754
0.174156
-0.255562
-0.878896
0.136895
-0.578342
-0.344206
-0.418402
0.752428
0.320676
0.069529
-0.311547
0.079209
0.154399
1.56222
-0.145094
-0.592442
0.393805
-0.586155
-0.0182634
0.482522
-0.463111
0.135393
0.367243
-0.58589
-1.12758
-0.12518
-0.369761
0.457878
-0.46654
-0.126128
-0.829206
0.662612
-0.704874
0.37353
-0.0561569
0.367786
1.13172
0.621893
-0.10006
1.25529
-0.0939346
0.903513
0.65872
1.20847
0.0711112
0.0740671
0.117192
-0.115874
0.266425
0.550719
-0.156565
-0.144582
-0.215226
-0.275548
-0.720685
-0.00475479
0.120195
0.0468164
-0.11903
-0.209986
-0.802251
0.729217
0.350577
0.0137904
0.518799
0.351034
0.52645
0.193817
0.792696
-0.497925
0.0793336
0.248842
0.366984
0.0826859
-0.34871
-0.396629
-1.65659
-0.410832
0.0903251
0.0255526
0.00970817
-0.162915
1.27377
-0.426909
0.28507
-0.370602
-0.325074
-0.665187
0.13932
-0.513201
0.321991
-0.86245
-0.692847
-0.609041
0.653487
0.471127
0.227892
0.710458
-0.0654229
-0.566878
0.172184
-0.887851
0.535164
-0.696277
-0.32007
0.221538
0.0127404
0.769247
0.305711
-0.0434617
-0.186615
-0.180222
-0.398997
1.5613
-0.12644
-1.32273
-0.851734
-0.227947
0.318843
0.547886
-0.465967
-0.784756
-0.528615
0.226903
-0.0808662
-0.240747
-0.278824
-0.402301
0.466212
0.243073
-0.507104
-0.148798
0.901545
-0.00557059
-0.217894
-0.0598411
0.542278
-0.760009
0.618123
0.0629424
-0.3327
-0.0253415
0.240904
-0.422717
1.2084
-0.0973741
-0.0281447
0.414972
0.171989
0.14519
-0.277078
-0.298322
1.32242
0.112906
-0.394727
-0.44413
-0.300106
-0.50273
-0.00812041
0.0144438
0.536768
1.43793
-0.185827
-1.14103
-0.309849
0.0586665
-0.139609
-0.344217
0.455415
1.84339
0.33743
0.0649704
-0.186436
0.291715
0.356995
-0.0706366
0.380861
-0.00521694
-0.324876
0.797525
0.0105949
0.393948
1.27584
-0.514337
0.337356
-0.0928051
0.00878847
-0.155819
0.4257
0.0205929
0.350125
0.0820294
0.0774299
0.871252
0.383158
-0.540448
-1.21763
0.741462
-0.0644865
0.666687
-0.334752
0.876265
0.308772
0.773926
-0.486985
-0.234909
-0.402561
-0.0826169
0.235799
1.34056
0.549147
-0.0201977
-0.318339
-0.178388
-0.302225
0.171865
0.161292
0.246203
-0.517205
-0.160689
-0.123822
0.278375
0.305406
-0.154725
0.107657
0.349992
0.0837787
0.164028
-0.0129432
-1.03108
-0.260601
-0.976421
-0.0998493
0.509186
0.0873097
-0.297778
0.482526
-0.26017
-0.425176
-1.10345
-0.263601
-0.515914
1.57868
0.663356
0.272363
-0.390755
0.269827
-0.194271
0.447598
-0.0607421
1.13491
-0.908332
-0.0250677
0.222094
0.560586
-0.102171
-0.364089
0.689398
-0.12071
-0.484031
0.644725
0.687818
0.5486
-0.215983
0.214733
-0.268618
-0.0553698
-0.0604827
-0.0700524
0.0987703
-0.691468
-0.0574933
-0.812971
-0.525461
-0.178316
-0.615503
-0.151942
0.739694
0.40185
0.43677
0.100948
0.472862
0.546959
-0.883765
0.427683
0.318304
-0.263468
-0.281768
-0.588377
-0.519375
0.20114
0.182101
-0.663856
-0.23335
0.00509557
-0.329711
0.423333
-0.0743396
0.218862
0.261938
-0.477826
0.903959
0.381994
0.412272
-0.00820198
0.475006
-0.567986
0.154829
-1.04687
0.257184
0.0883648
0.0258329
1.19045
0.0549112
0.447323
-0.119399
-0.624327
0.512697
0.706307
-0.208988
0.400561
-0.0125295
0.405291
0.21607
0.0402868
0.114918
0.149854
-0.808366
-0.0940845
-0.538188
0.284393
-0.310308
0.267085
0.969149
-0.192018
-0.759567
-0.247945
-0.105975
0.839131
0.0113367
-0.261316
0.180368
0.0703758
-0.416531
0.118729
0.701877
0.751547
-0.464808
-0.917487
-0.218953
-0.0929081
-0.442325
0.73443
-0.388264
0.611482
-0.489794
-0.443126
0.551683
-0.511273
-0.379572
1.17668
0.0107102
0.421708
0.726868
0.131678
-0.92895
0.0684112
0.0327697
1.12775
-0.380378
0.422649
-0.328632
-0.88089
-0.0745662
-0.075813
-0.256196
0.0671696
0.552792
0.396415
-0.570546
0.922659
0.172464
-0.490422
0.481136
-0.902113
-0.969336
0.968984
0.0712465
0.755792
0.853758
0.222139
-0.0656884
-0.0753178
0.158649
0.0971923
0.189946
-0.0281448
-0.515562
0.49759
-0.158519
0.600936
0.550869
-1.15797
0.444386
-0.250158
-0.855974
0.56976
1.2354
0.445292
0.100852
0.0352717
0.539502
0.503147
0.128465
-0.864262
-0.549666
-0.333715
-0.179556
-0.632218
0.128434
0.280744
0.464124
-1.05762
1.01003
-1.04705
-0.256827
0.0721084
0.649921
0.0884794
0.0682759
0.395365
0.485845
-0.0516921
-0.69168
0.143506
1.46519
0.858756
0.849463
-0.591982
0.212363
-0.0337117
-0.288148
0.716511
-0.121757
0.164162
0.0687476
0.938358
-0.438331
-0.54057
-0.70228
0.576851
0.362796
0.325727
0.0242555
-0.338535
0.337683
-0.14409
0.462972
0.00702337
-0.507116
-0.0614285
-0.146167
0.205355
0.520346
0.249044
0.401925
1.10241
-0.18357
0.623651
0.333695
0.260292
-1.26438
-0.128583
0.44335
0.295871
-0.935492
0.14347
-0.519285
-0.486262
-0.620976
0.0362429
0.750591
-0.344582
-0.542306
-0.655922
0.162368
0.67483
0.0314184
0.166798
0.60286
0.122398
1.20045
0.0342164
0.0882256
0.0277184
-0.154318
-1.04668
0.450414
-0.702414
-1.18443
0.305123
-0.0677674
-0.294559
0.513348
0.45049
-0.239879
0.469856
0.265552
0.0989678
0.545028
0.0527116
0.259247
-0.194833
0.251068
0.50383
0.0138943
0.139777
-0.611968
0.792767
-0.412826
0.448373
-0.428729
-0.974686
0.937366
-0.193819
-0.422134
-0.380112
0.169691
0.376154
-0.151318
0.900987
1.06124
0.267592
-0.330579
0.0977167
-0.770426
0.190493
-0.153689
-0.309284
-0.595422
-0.645698
-0.598506
0.238088
-0.422001
-0.185596
-0.542017
-0.0344452
-0.656586
-0.466951
0.301917
0.153338
-0.116435
-0.912605
-0.129105
-0.036167
0.234722
-0.220411
-0.483794
0.995395
-1.16416
0.0896501
0.0355259
0.463539
-0.282806
-0.474713
-0.840685
0.0508462
-0.18491
0.477122
-0.18582
0.704488
-0.368363
-0.314787
-0.00705053
-0.161531
0.313507
0.716482
0.658862
0.943576
0.622998
0.649839
0.0380049
0.0297641
0.0251722
0.75671
-1.11945
-0.500856
-1.08196
0.43208
-0.152523
0.374702
-0.48868
-0.42486
1.61991
-0.201095
1.05946
-0.666719
0.289067
-0.768999
-0.564836
-0.17905
0.233759
-0.231807
0.642276
-0.190595
-0.363183
-0.270298
-0.309
-0.180919
-0.602234
0.821567
-0.464982
0.14158
-0.693488
1.04292
0.844061
-0.26332
-1.00781
0.321542
0.107596
-0.0868735
0.0710895
-0.147115
1.18624
0.233672
1.18135
0.50049
0.568341
-0.146858
-0.268494
-0.670955
0.248587
-0.788955
-0.530293
-0.854469
0.573685
-0.00618638
0.48888
0.388127
0.938018
-0.0302847
0.279482
0.744578
-0.0256001
0.848378
-0.495518
0.75189
-0.48926
-0.31715
1.30114
-0.746266
-0.830833
0.777373
0.901564
-0.0738053
1.42318
0.811511
-0.543021
-0.362603
-0.957429
0.255182
0.0935681
0.360553
0.982328
-0.814058
0.0556009
-0.777225
-0.150047
-1.06143
-0.0271089
0.288966
1.2231
0.279431
0.117968
-0.434853
-0.726177
-0.541005
-0.471518
-0.610322
-0.10086
0.218209
-0.761757
0.113926
0.184155
-0.266837
-0.291118
0.737188
-0.0717134
-0.772309
-0.375358
-0.0100443
-0.866582
0.679163
0.33777
-0.0311558
-0.547174
0.0355167
-0.0559593
-0.522269
0.712731
-0.784618
0.96255
-0.252546
-1.61774
0.282944
0.538089
0.0555916
0.172612
0.596248
0.0911514
-0.310927
0.12829
-0.473751
-0.27858
-0.269357
-0.0861414
0.367152
0.255174
0.152728
0.69047
0.817246
-0.407157
0.304585
-0.22561
1.6168
-0.348648
-0.0279255
-0.6575
-0.258035
0.225208
0.78255
0.762722
-0.287828
-0.103186
-0.0574986
0.0397345
0.469034
-0.226795
-0.383446
-0.737121
-0.00942064
-0.167788
0.296829
0.0281139
-0.074508
-0.766192
-0.11899
-0.356982
0.0370814
-1.06934
-0.250704
0.566318
0.521963
0.128557
0.0669708
-0.136565
0.990735
0.351984
0.295949
0.425125
0.173355
0.141859
-0.528238
0.512101
0.700957
0.247273
-0.18915
-0.0975801
0.360322
-0.584143
0.967709
0.0399992
0.197035
0.277122
0.467502
-0.226071
-0.35393
0.409573
-0.640962
-0.266915
-0.721957
-0.172997
-0.71615
-0.506011
-0.930572
0.0746099
0.0760292
0.928354
-0.220822
0.849866
-0.820079
0.352054
-0.0161737
0.366488
0.660387
-0.667783
0.0314352
-0.0126355
0.0326149
-0.428132
0.7781
-0.637656
0.209717
1.39374
0.0217066
0.381776
0.879104
-0.773487
-0.20814
0.445648
0.151225
-0.217337
-0.919082
-0.786475
0.413345
0.366756
0.158951
0.171399
-0.687624
0.35811
-0.109889
-0.929369
0.721362
0.930078
-0.356066
-0.333498
-0.185541
-0.156019
-0.288476
0.438526
0.166104
0.124366
-0.386979
-0.61877
0.935142
-0.515048
-0.756883
0.235069
-0.813084
0.65855
-0.818996
0.0548086
0.108313
1.26929
0.553433
-0.376046
0.890786
0.0542151
-0.567766
-0.122231
0.392119
-0.612231
0.324498
-1.09601
0.38409
0.743677
-0.259599
0.475888
0.302221
0.407048
0.35408
-0.326817
-0.154763
0.465029
0.550487
-1.03259
-0.163325
-0.355424
0.351006
0.390481
0.299585
-0.454307
-0.359611
-0.66049
0.507226
-0.68012
-0.147729
-0.164216
0.809809
0.768621
0.0465197
-0.376789
0.0499984
1.07299
0.248442
-0.0901582
-0.425771
-0.201648
-0.0551973
0.279523
-0.0421809
0.427946
-0.581672
0.252336
0.220802
-0.415723
0.987494
-0.216965
-0.241719
0.600457
-1.18761
0.268616
0.314681
-0.117542
0.664152
0.13829
-0.819156
-1.25627
1.15089
0.104934
-0.712512
0.431297
-0.912663
0.855778
1.13414
-0.812077
0.337702
1.0762
-1.35243
-0.217439
-0.402523
0.804427
0.875168
0.264989
0.630667
-0.149606
0.446449
-0.041592
0.675769
-0.177377
-0.216823
-0.991076
0.816303
0.112893
0.0623671
-0.216264
-0.134877
-0.463281
-0.167206
-0.789659
-0.545215
-0.204438
-0.0430085
0.0178842
0.243264
-0.354504
-0.843353
0.595479
0.049445
-0.516233
-1.08669
0.221145
0.528627
-0.663387
-0.501715
-0.654309
0.509598
-0.0354862
-0.407736
0.450929
0.0731281
1.07668
0.574167
-0.727443
-0.260521
0.498811
0.54265
-0.282225
-0.0398632
0.00673022
0.205949
-0.168818
-0.0273393
0.510763
0.468006
0.313042
0.0396309
-0.885994
-0.356094
0.197164
0.10476
1.38929
0.874476
-0.0562771
-0.358138
-0.751856
0.230749
-0.508064
-0.720824
-0.677865
0.325026
0.73398
0.139084
-0.970916
-0.121105
-0.608805
0.206983
