4.6595
4.75155
4.32489
4.96419
4.35723
4.58057
4.19759
4.36329
4.45785
5.36884
4.01209
3.52349
4.76302
4.38352
4.7974
4.30611
4.12656
5.03164
4.76428
5.58879
5.87194
5.29092
4.36428
4.38221
4.50298
4.50718
4.81305
5.02478
3.86708
3.88773
4.70559
5.77953
4.63859
4.16853
5.10686
3.40482
4.82029
4.02323
4.29676
3.89172
5.29382
4.33883
3.76856
4.30296
4.3201
4.57549
4.03235
3.77733
5.66326
6.1573
4.30293
4.25255
4.63878
4.44657
4.3032
4.85468
3.95582
4.37048
4.67928
4.56198
4.88482
4.38219
4.72181
3.48493
3.87461
3.51689
4.71777
5.28659
5.56452
3.28404
4.62253
4.53057
3.98376
5.62189
5.28655
4.95305
3.44698
4.58026
4.67897
4.55569
4.42278
4.19696
5.50704
4.68283
5.30643
4.50936
4.45298
4.86315
4.04997
4.45087
5.53938
4.42346
4.4752
3.92044
3.92014
4.42983
5.37119
4.78493
5.09095
4.85074
