1.21693
1.94409
2.13889
0.414779
1.82727
2.20664
0.942627
2.38289
1.59382
1.14007
1.48798
0.275125
1.03043
2.11742
1.99885
1.07732
0.812577
1.38447
2.24515
2.03982
2.08236
1.69223
1.75126
0.903525
0.86434
1.74336
1.69693
2.74636
0.800326
1.3352
1.54587
1.89446
2.44245
1.71811
1.93061
0.865945
1.64727
0.762688
1.14297
2.05479
1.23253
1.24809
1.99728
0.536733
2.03359
1.34333
2.10581
0.530643
2.44208
2.16329
0.758839
1.14972
0.403485
2.99053
1.50241
1.76257
0.823361
1.21084
2.34935
2.11831
1.84801
3.23254
2.1687
1.95822
1.76111
1.48223
1.46571
1.35709
2.11076
1.48382
1.26511
1.38949
1.95203
2.15132
1.67414
0.868721
1.39968
1.17204
0.930002
1.46219
1.42103
2.21932
1.54685
2.56277
0.977367
1.55105
1.66412
1.04054
1.18431
2.01759
1.6851
0.430953
1.4013
1.118
2.08222
2.60584
1.77004
1.19677
1.97282
1.82819
