4.42341
4.47537
4.63076
5.60406
4.17834
5.44386
4.50799
4.48817
5.60212
4.99489
4.44443
5.25106
4.70227
4.70701
4.80895
4.47058
5.20268
3.95425
4.15427
5.13316
4.97554
4.3023
5.01442
5.10846
5.33452
3.63339
4.73435
5.26762
4.8017
4.50107
4.57278
5.56048
4.9432
4.77954
4.14057
4.65862
4.44866
5.14886
4.32541
4.34413
4.5704
5.23894
4.19852
4.76814
3.93149
5.1974
5.97918
4.87491
4.99384
5.11539
4.5158
3.9534
3.99733
4.25182
4.7052
4.41047
4.63322
4.69183
3.50745
4.00933
4.98877
4.84311
6.08298
4.5902
4.42191
5.16714
4.15384
4.73299
4.43198
4.99564
4.99821
4.68592
4.03094
6.14416
5.38353
4.00055
4.20415
5.3175
4.09068
4.43442
5.73849
4.96658
5.00618
4.64519
5.001
4.34167
4.19387
5.22579
4.87502
4.51535
5.39396
4.53708
4.59555
4.10387
4.85786
4.08356
4.07408
4.82084
3.72266
4.21777
