0.620806
0.309367
0.0508349
0.589828
0.430639
-0.0556844
0.515884
0.507792
-0.533619
0.983219
1.00424
0.282137
-0.575314
0.72857
0.489687
0.237663
0.930919
0.895989
0.688762
0.229699
1.26771
0.702257
-1.62344
-0.308215
0.00885516
-0.110989
0.108668
0.215597
1.25252
-0.125598
-0.477467
-0.00635418
-0.282285
0.151026
0.794806
0.0480747
-0.182246
0.71905
1.48266
0.323807
0.605379
0.139556
0.145446
0.585917
-0.196194
-0.216632
0.585992
0.854544
1.3236
0.61925
0.524695
-0.177838
1.17224
-0.117403
-0.0482828
0.798957
0.603057
-0.910251
-1.00218
-0.981949
-0.225472
1.01907
0.580808
0.00687593
1.07236
1.21088
0.672192
0.697563
1.00239
0.242748
1.1226
0.956355
-0.234915
0.0353685
0.152087
-0.0475239
0.437731
0.983423
0.807002
1.0114
0.307474
0.211898
0.0498739
0.547882
0.580538
0.331701
1.33475
0.588331
-0.179956
0.307106
-0.301434
-0.470908
0.610641
-0.159356
0.421728
0.683424
0.940219
0.82647
0.7498
0.967359
