5.78898
4.84409
5.23017
3.86525
4.4398
5.40659
5.59148
5.52433
4.86317
4.43292
5.77002
4.81561
4.92934
5.24189
5.25815
6.03071
5.08824
5.73626
4.6871
4.38788
4.62372
6.07759
5.09733
4.98602
4.87318
4.9036
5.05041
5.49541
5.28211
4.93327
5.1815
4.69359
5.07551
4.63448
4.87505
5.91022
5.47033
4.60244
5.06033
4.90142
4.38526
4.50512
5.50927
4.99386
5.16474
5.6607
4.22728
4.13557
4.98
4.8697
4.61615
5.5583
5.10405
5.32809
5.57945
4.50573
4.81525
5.01801
4.92837
4.61102
4.46507
4.94819
4.53069
5.50237
5.17043
4.65574
4.36211
5.03168
5.2204
4.55307
5.11652
4.62067
5.08121
5.19739
5.57847
4.36885
3.96384
5.39552
4.37198
5.73081
4.65602
5.36615
4.75517
6.00081
4.96057
5.11752
4.81585
5.27852
5.18206
4.52743
5.64235
5.17512
5.09642
5.13455
5.33425
4.6255
4.96933
4.69882
5.20727
4.80595
