-1.45308
-0.853037
-1.32818
-1.18026
-1.72455
-0.730747
-1.06878
-1.17458
-0.999918
-1.16659
-0.886202
-0.995727
-1.04683
-1.57075
-1.25432
-0.738068
-0.760632
-1.24529
-1.52449
-1.31744
-1.88113
-0.978982
-0.73747
-1.9883
-1.5982
-0.695446
-0.731656
-1.41927
-0.622585
-1.06472
-1.84208
-0.790669
-1.84093
-1.52335
-1.63905
-1.13275
-1.27637
-1.64414
-1.63722
-1.49234
-1.43988
-1.76168
-0.725538
-1.12976
-1.30077
-1.35182
-1.48446
-1.89046
-1.47074
-0.877481
-1.40072
-0.62551
-1.96145
-0.914455
-1.24837
-0.982832
-1.15438
-0.989337
-0.316559
-0.327066
-2.10429
-1.22894
-1.63825
-0.774628
-0.922086
-1.7144
-1.63895
-0.739921
-1.18333
-0.677395
-1.64735
-1.23802
-1.33313
-1.0826
-0.980284
-1.61663
-1.43567
-0.808818
-0.619076
-1.29818
-1.29842
-1.10308
-1.14774
-0.933901
-1.49236
-1.5285
-1.3354
-1.06991
-1.66318
-0.900491
-1.40189
-1.12883
-0.793778
-1.5102
-1.10334
-1.6724
-1.30454
-0.870858
-1.51137
-0.527149
-1.16789
-1.11051
-0.664984
-1.23644
-1.02072
-0.76771
-0.982206
-0.992844
-0.904769
-1.1396
-1.4162
-1.31387
-1.1993
-1.04337
-1.14842
-1.15566
-1.2137
-1.10766
-1.64959
-1.39808
-1.30339
-1.53901
-1.7218
-0.861142
-1.12675
-0.974839
-1.19157
-0.439248
-0.922907
-1.03313
-1.09199
-0.956161
-1.75805
-1.85101
-1.18803
-0.467305
-1.56851
-1.01222
-1.10699
-1.53804
-0.690911
-1.43126
-1.15644
-1.95244
-1.00928
-1.2268
-0.929851
-1.04557
-1.12842
-1.90988
-1.26466
-1.46926
-1.26557
-1.19014
-1.5586
-1.09948
-1.05227
-1.84184
-0.922998
-1.08754
-0.964611
-1.23809
-1.25903
-0.722294
-1.55669
-1.4149
-0.439681
-1.3753
-0.862696
-0.559083
-0.914807
-1.50233
-1.50196
-1.3355
-1.47085
-0.89155
-1.69882
-1.12299
-1.07719
-1.19021
-1.82034
-0.677361
-1.13022
-0.809124
-1.34439
-1.21473
-1.06562
-1.30632
-0.443816
-1.36952
-1.46327
-0.543948
-1.0007
-1.40088
-1.23476
-1.05369
-1.92874
-1.68107
-1.07625
-0.916339
