-0.369802
0.223697
0.244884
0.260241
-0.216203
-0.283826
-0.018499
-0.167372
-0.104043
0.184104
-0.272358
-0.129453
-0.277224
-0.142826
-0.230447
0.192782
0.272998
0.0671576
-0.559801
0.0168671
-0.0393149
-0.131084
-0.495725
0.301715
-0.0917951
-0.343163
-0.238202
0.219204
0.341733
0.0244509
-0.0735809
0.593517
0.515927
0.581337
-0.705223
-0.120117
0.118029
0.171172
0.180695
0.31152
0.126964
-0.01046
-0.449767
0.903418
0.247497
0.00933679
-0.535343
-0.257237
-0.0385197
0.230298
-0.193347
-0.304032
0.567026
-0.112289
-0.159053
0.0821609
-0.0724248
-0.195594
-0.136405
0.532971
0.274624
0.290454
-0.170423
-0.0588791
-0.0576211
-0.0189233
-0.191937
-0.136496
-0.397362
-0.160769
0.254834
-0.274623
-0.195927
0.158533
0.182033
0.082178
-0.00901289
-0.106145
0.111314
0.503869
0.253664
0.0532307
-0.318974
-0.16094
0.199075
0.0803469
-0.119041
-0.0418018
-0.124791
0.00757646
0.0303886
-0.35253
-0.360678
-0.317879
0.0801367
0.135081
-0.837772
0.489566
0.625272
0.454666
-0.0282405
0.207808
0.153137
0.381083
-0.321597
-0.0515077
0.125378
-0.0873931
-0.27257
0.416038
-0.344703
0.337253
0.320109
-0.663906
0.480158
0.185564
-0.473434
0.245479
-0.393585
0.436811
0.344598
0.116203
0.0046878
0.000978745
-0.100137
0.017877
0.275064
-0.588557
-0.210246
0.241583
0.432233
0.254235
0.0253705
0.128503
-0.678507
0.506987
0.1626
-0.164756
-0.0780009
-0.113027
-0.145892
0.27291
-0.151075
0.219695
-0.849545
0.34488
-0.64834
0.154943
0.116317
-0.258815
0.383446
0.219789
0.125803
0.0421473
-0.0191187
0.260429
-0.319876
0.35611
0.651917
0.121319
0.0378883
-0.0709308
0.0675392
0.124629
-0.694712
0.367588
-0.456652
-0.51773
0.505665
0.519689
-0.0468294
-0.0442731
0.11167
0.320204
-0.0663705
0.457848
-0.468201
0.247041
0.176884
-0.135561
-0.0328499
0.110617
-0.0516466
0.352306
-0.535188
0.30769
0.585607
-0.375371
-0.00412227
0.322325
0.0635517
-0.0388043
-0.231863
0.0563233
-0.534609
0.0793048
0.788146
-0.180616
0.060059
0.330778
-0.18133
0.230626
0.0673719
0.0507354
0.20421
0.122657
0.0128088
-0.0499371
0.0539337
-0.17708
0.23363
0.265302
0.231724
-0.116486
0.0152558
0.371257
0.619407
0.40924
-0.689306
0.38472
0.241629
0.151321
0.159204
0.0375293
0.283444
-0.685035
0.202991
-0.30165
0.735686
0.110258
-0.230692
-0.0610101
0.193863
-0.373146
0.299883
-0.131573
-0.151617
0.409435
0.0566193
0.606701
0.397706
0.52339
-0.312688
0.321223
0.0480499
-0.496867
0.0565014
0.356848
0.352437
0.134489
0.182152
0.084931
0.043725
0.458369
0.447354
0.172271
-0.204958
0.109468
-0.0518745
0.0418223
0.298404
-0.0285037
0.223166
0.120635
0.0041091
-0.0673068
0.0714677
-0.354961
-0.0131821
-0.0142771
0.499174
-0.320796
0.587757
-0.296295
0.0487557
0.224282
-0.00878164
-0.321642
-0.689826
0.57308
0.185176
0.232116
0.643479
0.197779
-0.0956969
-0.264469
-0.272519
-0.142696
-0.150899
0.223066
-0.67054
-0.313905
-0.153414
-0.396394
0.452543
-0.213063
-0.705915
0.0627821
-0.357923
0.299862
0.197155
-0.24322
0.474576
-0.392335
0.360577
-0.0477299
-0.33935
0.123087
-0.117471
-0.241804
0.0603002
0.580034
0.152312
0.250692
0.272327
-0.168139
-0.0580018
0.206009
-0.171715
-0.567301
0.110434
-0.00821031
-0.0215891
-0.0493047
0.283913
0.566543
-0.296418
0.84164
0.104641
0.166622
-0.815876
-0.33942
0.364848
-0.341388
-0.0556688
0.0679445
-0.0959791
0.197638
-0.15094
0.000507133
0.553323
-0.0682967
0.27315
-0.451283
0.163058
-0.628111
0.0274699
0.247013
-0.19575
-0.0132276
-0.526575
-0.309286
-0.0115245
0.111176
-0.466721
-0.384487
-0.00683794
-0.00603497
-0.0932352
-0.294348
0.166027
0.495913
0.367666
0.279529
0.0257192
-0.392208
-0.532649
0.0925798
-0.312273
0.157075
0.123369
0.429371
0.400552
-0.101991
0.503636
0.00574716
0.0960032
0.273465
0.103745
0.39472
0.287494
-0.765661
0.0347969
-0.215263
0.446235
-0.200196
0.594896
-0.442345
0.670913
0.0544016
-0.109027
-0.0204961
0.336694
-0.0852155
-0.27997
-0.0435113
0.0603822
-0.0523169
-0.0680316
0.143604
-0.118332
-0.189133
-0.0793397
-0.0693274
0.235207
-0.99512
-0.290253
0.546238
-0.125654
0.115284
-0.628349
-0.519472
-0.257308
0.166363
0.227479
0.110682
-0.00733872
-0.236316
0.295368
0.195121
-0.202027
0.287562
0.0961895
-0.055014
-0.314386
-0.0810109
-0.398958
-0.178421
-0.134072
-0.424058
-0.0134211
-0.191447
-0.0336819
0.26106
0.0741275
0.149346
-0.471421
0.100857
-0.268035
-0.122759
-0.22847
0.0223975
-0.0697316
-0.159953
-0.213535
-0.748571
-0.0389025
0.411684
0.501861
0.191161
-0.262549
0.340183
0.172946
0.283081
-0.0868927
0.025735
-0.264463
-0.287645
0.381573
0.421921
-0.214328
0.418767
0.0963254
-0.219706
0.217436
0.0377963
0.164449
0.124469
-0.129249
-0.588598
0.730945
-0.123233
0.157035
0.160709
-0.166868
-0.34851
0.28279
-0.365282
0.38489
0.0301475
-0.399185
0.316891
-0.143874
-0.166739
0.0811749
0.190267
-0.155648
0.0132906
-0.373873
-0.204297
0.13382
-0.321644
0.266192
0.507666
0.0798279
0.27881
0.266438
-0.319419
0.251725
-0.31068
0.829367
-0.299849
-0.559985
0.247678
-0.168204
0.0672481
0.221111
-0.0732334
-0.0625687
0.1971
0.607697
-0.280298
0.527211
0.595128
0.345012
-0.211574
0.248218
0.0934295
-0.221051
0.250085
-0.395355
-0.0340431
-0.462068
-0.508517
-0.264617
-0.00499246
0.299292
-0.173291
-0.372875
0.0284599
0.150425
0.68603
-0.342866
0.268246
0.282136
-0.144553
-0.194778
0.272027
-0.438945
0.0217849
0.649227
-0.115481
-0.121659
0.139993
0.31979
-0.394061
-0.136761
0.149182
0.229696
-0.209147
-0.366577
0.229864
0.282015
0.383941
0.308566
0.576669
0.419446
0.096859
-0.359042
-0.226368
0.0929717
0.121019
0.23424
0.584209
-0.185434
-0.111907
-0.0840038
-0.376739
0.26341
0.0315
0.170236
0.21568
0.169545
0.374583
0.289168
0.646018
-0.0997069
-0.274694
-0.0376972
-0.0769695
-0.323902
-0.00672775
0.26955
0.029895
-0.159672
0.224482
0.399991
-0.107126
-0.329329
0.134104
0.337096
0.230124
0.182144
-0.22425
-0.290174
-0.419408
0.351884
-0.275382
-0.31818
-0.425327
0.351028
-0.431309
0.569226
0.43933
-0.344567
0.22007
-0.287805
-0.355134
-0.0456809
0.493385
-0.0100208
0.256684
1.01513
-0.381591
0.510386
0.0621127
-0.188827
0.269617
0.235984
-0.0476699
0.341919
0.133266
0.302865
0.105819
0.00421687
0.20767
0.348816
0.152563
0.329702
-0.556138
-0.230498
0.187737
-0.277001
0.379543
0.0664842
0.144817
-0.0392792
-0.279818
-0.217516
0.00188058
0.220472
0.151384
0.135189
0.140789
-0.686974
0.0232102
0.00290262
0.64715
0.0106643
0.0398931
0.194504
0.325584
-0.262951
-0.282706
-0.506852
0.273508
0.130038
0.00725085
0.263744
-0.206239
-0.0774163
0.241096
-0.156967
0.151547
0.487404
0.311393
0.152282
0.187318
0.409629
0.0396196
0.263928
-0.346325
0.0129878
0.319675
0.0434384
0.0240867
-0.232798
-0.395897
-0.463598
-0.0089713
0.00474021
-0.237538
0.250512
0.0528572
0.320961
0.293589
-0.683928
-0.52334
0.236508
0.122219
-0.109247
0.109203
-0.0489895
-0.0602496
0.181764
-0.123129
-0.84018
-0.0838413
-0.384468
-0.207554
0.148958
0.0878149
0.516597
0.147433
-0.484535
0.103957
-0.0151098
0.153491
0.377194
0.41367
-0.0883504
0.318182
0.273443
0.532799
-0.376081
0.168903
-0.0449309
-0.639002
-0.378857
0.77873
0.216743
0.516515
-0.212634
0.0566859
0.247235
0.150368
-0.0809025
0.0619439
-0.225287
0.178978
0.324786
0.171083
-0.242949
-0.171137
0.066344
0.407099
0.0403577
-0.268231
0.0141935
-0.264959
0.301088
-0.0272918
0.0863875
-0.164095
0.058004
-0.252032
-0.358567
0.254147
-0.0179783
0.374681
0.241813
-0.0716776
0.207
-0.381372
-0.471119
-0.564537
0.125505
0.849163
-0.0457324
-0.22789
-0.163279
0.158208
0.00907187
0.447603
0.319656
0.147983
-0.605256
-0.201357
0.526147
0.00734269
-0.295957
0.0842684
0.175225
0.433077
0.211209
-0.0678285
-0.179105
-0.295449
0.672666
-0.188245
0.192802
-0.196413
0.500943
-0.456717
0.0470184
0.740056
-0.120712
0.20804
0.638623
0.395613
-0.363122
0.405724
0.527205
-0.00312545
0.356826
0.599095
0.187676
0.2923
0.142841
0.325383
-0.151943
-0.0438984
0.156481
0.214161
-0.496732
0.265314
-0.0286098
0.0415963
-0.430257
-0.123453
0.112449
-0.0690076
-0.0883691
-0.0455454
0.303408
0.494922
0.0214694
-0.0673392
0.0802504
-0.0702988
0.0893104
0.273078
-0.0275517
0.49352
0.0273826
0.608254
-0.297611
-0.123069
-0.495636
0.0144455
0.291755
0.0419932
-0.689528
-0.117028
0.102434
-0.266812
0.193557
-0.3392
0.362357
0.0665581
0.172572
0.133558
0.539984
0.406565
-0.552625
-0.0457664
-0.001215
-0.0563129
0.541556
0.373179
0.0184706
-0.321107
-0.12
0.148637
-0.284009
-0.0456623
0.149064
-0.0597173
0.0985182
-0.282692
-0.0554392
0.482232
-0.194041
-0.60734
0.243539
0.166442
0.380666
0.0375398
0.0592139
-0.129218
-0.438091
0.0577106
-0.00759283
-0.831995
-0.348567
0.269078
0.370599
0.298199
0.783139
-0.527935
0.366611
-0.108969
-0.173354
0.376408
-0.16143
-0.158488
-0.273033
0.487684
0.128859
-0.180569
-0.202695
-0.0810729
-0.205736
-0.696589
0.25356
0.291627
-0.110193
-0.491402
-0.627039
0.132656
-0.0488355
0.0904266
0.0648411
-0.103346
-0.173846
0.276124
0.113856
0.0739516
0.351973
0.0961091
0.0668534
0.214658
0.144346
-0.633907
0.00457931
-0.2147
-0.36832
-0.101457
0.486219
-0.0419013
-0.155619
0.904143
-0.155159
-0.228867
-0.152325
0.466745
0.185891
0.3601
0.496295
-0.197749
-0.0470719
-0.000523753
0.0881718
-0.582879
0.138376
0.19186
0.00423624
-0.178058
-0.103912
-0.0121674
-0.163935
-0.268497
0.00458763
-0.200411
-0.0564077
0.0471447
-0.0993874
-0.0167059
-0.0531608
0.132905
0.544334
-0.103001
0.415816
0.0912665
-0.263786
0.0487909
-0.0386266
-0.203873
0.293286
-0.00200253
-0.529247
-0.468908
0.212288
0.210044
0.298725
0.0101788
-0.121952
0.11418
0.726067
-0.00443288
0.137791
-0.282927
-0.11084
0.12791
-0.00109589
-0.517885
0.103878
-0.340052
-0.318443
-0.252542
0.12428
-0.127454
0.279313
-0.519525
-0.322809
-0.174765
0.36046
0.0497085
0.0136025
0.0608268
0.242703
0.630814
0.798301
0.138647
-0.309576
-0.5417
0.769405
-0.455802
-0.0738808
-0.830525
