0.367566
0.777541
1.07126
0.192506
-0.00241608
0.0159499
-0.86628
0.0150908
0.414075
-0.495077
0.270508
-0.0651431
1.32117
0.53849
0.325435
-0.506322
-0.351786
-0.646145
-0.636062
-0.301825
0.293059
0.233211
0.372476
0.847114
0.0568236
-0.00823708
1.58063
-1.00446
0.168915
0.0899746
0.512691
1.35516
-0.0757601
-0.236801
0.664675
-0.300962
-0.623368
0.232311
0.916416
0.561353
0.192827
0.201443
0.567702
-0.42475
0.0114429
0.120534
-0.395652
0.401422
-0.364145
0.414833
-0.874129
0.498187
0.189088
-0.380871
-1.1198
-0.468078
-0.190243
0.339903
-0.962245
-0.69684
0.275084
0.495602
0.0294291
0.106043
-1.08989
-0.0387902
-0.160311
0.268075
0.621608
-0.179261
0.157131
-0.635135
0.062422
-0.333845
0.164155
0.948377
-1.16576
-0.0765675
-0.27949
-0.431927
0.291697
-0.435069
0.896337
0.499723
0.0717538
0.299314
-0.658219
-0.613085
-0.952455
0.435014
0.386523
-0.438179
-0.63332
0.755118
-0.814362
-0.995097
0.23838
0.0947831
0.50752
0.354515
0.399467
0.66944
0.740114
1.36253
0.0311396
0.652365
0.172907
-0.616216
0.49673
0.573776
-0.240233
0.708067
-0.427112
-0.286746
0.480712
0.491155
0.280809
-0.65723
0.0596012
0.455079
0.0494264
-0.642738
0.740511
-0.952217
-0.841294
0.858422
-0.0812052
-0.224991
-0.377827
-0.26024
0.0725482
-0.153648
-0.480676
-0.336971
0.462921
-0.428013
-0.50129
0.402395
0.0118102
0.322915
-0.629056
-0.45912
-0.796393
-0.0554467
0.867371
-0.255971
-0.425964
1.10713
0.382764
-0.470939
-0.272252
-0.497141
0.455169
-0.0132336
-0.0397751
0.030307
0.36474
-0.80281
0.266786
0.0650888
-0.474982
-0.42369
-0.370239
0.0984417
-0.306168
-0.179547
-0.0577462
0.0754864
-0.584466
-0.941883
0.696212
0.632501
0.815833
-0.362503
-0.484879
-0.0375267
-0.262094
-0.242907
-0.996767
0.426439
-0.0230015
-0.0228044
0.0641979
-0.48093
0.296212
0.875216
0.290931
0.470369
-0.487467
-1.43616
-0.243839
0.34175
0.740459
0.106896
0.0837861
0.135227
0.426327
-0.537688
0.123545
-0.785923
0.167912
0.152275
0.680495
0.274123
-0.313576
0.386482
-0.362498
1.1885
-0.307733
-0.493515
-0.00958474
0.580075
0.578036
-0.281774
0.238193
-1.03306
-0.0644073
-0.0781591
0.0294209
-0.883403
-0.219595
0.00635908
-0.586173
0.753283
-0.18267
0.485066
-0.214766
-0.0167645
-0.242402
-0.0245836
-0.153267
0.34614
-0.0623109
-0.976272
0.114846
0.402804
-0.644977
-0.470059
0.476113
1.04387
0.869451
-0.754375
-0.151003
-0.436518
0.385559
0.0674338
0.229551
-0.0467399
-0.511374
0.755884
-0.0699065
-0.378242
0.619988
-0.262234
-1.07036
0.0104394
0.89433
-0.271398
-0.114167
0.262227
-0.503737
0.771899
-0.406383
-0.171283
0.798227
1.78448
0.261219
0.452103
0.729887
-0.07545
-0.252219
-0.57674
-0.040609
0.193485
-0.236292
0.445605
0.119779
1.05263
0.256414
-0.0147097
-1.31214
0.278867
-0.508484
-0.919548
0.354356
-0.258516
-0.230806
0.319819
0.168079
-0.0548816
-0.711145
0.0425432
-1.36446
-1.35135
0.531356
0.263544
0.285707
0.228355
0.228561
-0.22304
-0.185558
0.92862
0.264964
0.164321
0.515886
-0.0770524
-0.517996
0.347837
-0.341679
-0.248123
-0.376163
0.353579
0.609687
-0.912974
-1.11387
0.326231
-0.740849
0.501545
-0.134089
0.828342
-0.355215
0.618298
-0.929698
-0.730513
-0.880469
-0.0124136
0.0652884
-0.857021
-0.51577
-0.653996
0.08241
-0.0122236
0.143316
0.709625
0.24332
-0.0466681
0.366938
0.628331
0.627913
-0.244686
-0.525363
-0.304824
0.707297
0.440868
0.826723
0.308184
-0.550459
-0.639295
0.437698
-0.275415
0.00581061
-0.306496
0.588293
-0.671125
-0.841107
0.214223
0.242254
1.02219
0.116196
0.628179
-0.616788
-0.486819
-0.281427
0.188835
-0.0403739
-0.000454978
0.148512
0.000634462
0.27436
-0.410533
0.220164
0.357525
-0.141047
-0.963468
-0.511097
0.0542724
-0.196186
0.0999897
0.0674467
0.575795
-0.0174558
1.26475
-0.339803
-0.3726
-0.415345
0.365721
0.0948509
-0.371065
-0.344781
-0.20526
0.696571
1.56
0.123057
0.295396
-0.303043
0.764916
0.511226
0.0493953
-0.00577755
0.598114
-1.15904
-0.577047
0.0910242
0.132365
0.477071
-0.649809
0.394581
-0.00440894
0.510276
0.386326
0.59145
-0.189486
-0.046024
-0.189428
0.970601
0.103374
-0.695458
-0.818126
0.0659475
0.666658
0.265658
0.74748
0.358495
0.314674
0.412478
-0.289299
0.652717
0.901615
-0.121918
0.039063
0.0523606
0.210665
-0.178367
-0.934851
0.728461
-0.861828
0.110799
-0.0671548
0.357898
-0.525809
-0.481374
-0.0629801
0.0212241
0.379883
0.0774032
0.461089
0.294878
0.590058
-0.516642
0.0694712
-0.0466691
0.425784
1.3075
-0.172159
-0.338831
-1.14723
0.671865
0.118755
0.306005
-0.286826
-0.502292
-0.307345
0.458747
0.55134
0.58894
0.328827
0.909655
0.113486
0.190157
1.05494
0.278828
-0.76354
0.725277
0.0157096
0.233072
0.340776
0.102323
0.325927
0.175783
-0.347325
-0.0651954
0.0483407
-1.39522
-0.374981
0.593202
0.591608
0.230845
-0.971256
-0.569557
-0.510181
-0.875544
0.0710909
0.608112
-0.00172567
0.0114806
-0.537233
-0.280596
-1.0897
0.410529
0.369681
0.250648
0.0951481
-0.285517
0.257149
-0.199958
-0.171614
1.20457
-0.0916643
0.351006
-0.297508
-0.0855297
-0.799558
0.0684266
0.0348427
0.664824
-0.57384
-0.60433
0.133311
-0.230394
-0.0917733
-0.239957
-0.0912624
-1.23621
-0.628568
-0.00805248
0.202926
0.0239067
0.237799
-0.00325146
0.426181
0.962112
0.585685
0.879737
-0.0715284
-0.220783
0.373526
-0.113896
0.795967
-0.631773
-1.06849
-0.593648
0.581594
-0.523485
-0.798801
-1.00027
0.526475
-0.0208985
-0.357932
-0.853848
-0.348971
-0.93396
0.0837842
0.43881
0.542826
-0.0782184
-0.814706
0.742392
-0.405545
0.205042
-0.403176
-0.352166
-0.536505
-0.384457
0.612481
-0.914809
0.534985
0.00813848
-0.0893518
-0.11579
-0.802962
0.58143
0.838905
0.571192
-0.746433
0.143752
0.726738
0.6178
0.330619
0.638329
0.130419
-0.174556
0.095615
-0.388447
-0.140207
-0.150748
-0.116458
-0.591429
0.0283819
0.823867
-0.0594311
-0.266061
-0.409109
0.234894
-0.205339
-0.536076
0.649897
0.347009
0.531584
-0.317133
-0.0439731
0.496122
-0.559305
-0.271973
0.211399
0.214766
0.586174
0.209239
-0.565909
0.0256876
-0.185475
0.188369
-0.858054
0.584875
-0.553361
0.486873
0.125749
0.788276
-0.458125
0.324162
-0.72291
-0.653528
0.600921
0.349645
-0.403847
-0.580447
0.269175
-1.03139
0.567398
-0.437441
0.715622
0.649718
-0.778334
0.869877
0.0327882
0.0308374
0.31952
-0.405455
0.557273
-0.203682
0.93903
0.0561825
0.363447
0.48838
0.326577
-0.1208
0.278788
0.780502
-0.840346
0.654604
-0.341843
0.155387
1.55482
-0.423563
-0.419454
0.37493
0.32146
-0.205897
-0.0775854
-0.317878
0.560912
0.695432
0.243483
0.645572
-0.521059
0.564444
0.410018
-0.68897
-0.267886
0.934772
0.712994
-0.359225
0.99014
-0.123119
-0.348545
-0.500175
0.16513
-0.557496
0.4827
-0.317706
0.70544
-0.20769
-0.685045
0.347676
-0.703462
-0.169688
0.365136
0.665496
-0.704216
-0.268441
0.2565
0.218582
0.676159
-0.148578
0.233712
0.528726
-0.620025
-0.452241
1.006
0.928154
-0.772295
0.638672
0.502875
0.650454
0.511168
0.201009
0.61439
0.328694
-0.575521
0.593002
-0.583189
-0.0608198
0.634328
0.982245
0.18865
0.220878
0.345547
0.00880473
-0.860687
0.783404
0.232751
-0.215511
0.286687
0.0147583
-0.500165
-1.09824
0.295658
0.0259808
0.163791
0.203999
0.467145
1.36956
-0.392915
0.570774
0.600496
-0.228653
0.427709
0.322348
-0.152982
0.330905
1.20863
0.268144
0.35003
0.249455
0.324284
-0.144865
-0.406203
0.129317
1.52613
0.577921
-0.418821
0.117688
-0.00471808
0.261563
-0.0690642
0.188124
0.0140211
0.199622
-0.335356
-0.127183
0.683861
-0.270702
0.452425
0.746465
-0.87182
-0.188921
-0.469106
0.0503652
1.07578
1.35967
0.613592
-0.264961
0.465732
0.377074
-0.698312
0.586558
0.246473
0.132946
0.137003
0.62693
-0.935492
0.0203476
0.997792
0.77854
0.363639
-0.738823
-0.376116
0.204731
-0.217651
0.491654
-0.506153
-0.314778
-0.114671
-0.245684
0.27213
-0.332407
0.112869
0.163584
0.0569541
-0.371993
-1.06982
0.43021
-0.663414
0.143957
0.112126
-0.121135
0.369209
-0.798249
-0.0683163
0.334304
-0.871167
0.446539
0.0166145
-0.138041
0.175603
0.048061
-0.819871
-1.03938
0.641961
0.456574
0.173646
-0.417245
-0.879742
-0.242968
-0.76403
0.759205
1.58299
0.675426
-0.208997
-0.334959
-1.13675
0.314268
0.361389
0.443913
-0.914427
0.230175
-0.198656
0.851756
-0.275537
0.0315761
-0.679514
0.375934
-0.69741
-1.02534
-0.288125
0.755161
-0.513011
-0.48716
-0.303146
-0.453442
0.700441
-0.147986
0.181241
-0.460801
0.722524
-0.184157
-0.0115702
0.820677
-0.826602
-0.145132
-0.565661
-0.244393
0.195299
1.18691
0.633306
0.326718
-0.154588
0.143406
-0.166521
0.940138
0.0177911
0.370695
-0.875157
0.433627
1.35036
-0.222715
-0.443676
-0.804972
-0.883845
-0.0092871
1.38577
1.00857
-0.768647
-0.558988
-0.802029
-0.0629816
-0.534756
0.185191
1.12963
0.509829
-0.23849
0.296019
-0.109569
-0.0622976
-0.335709
-0.970795
1.02587
0.535428
-0.0372602
-0.0495881
-0.0804724
0.231725
0.509799
-1.02321
0.0857321
-0.185439
0.124148
0.909222
-0.906218
0.533021
-0.778032
-0.415907
0.0979787
0.361749
-0.253709
-0.280136
0.090177
-0.264837
-0.439103
-0.217817
1.36712
0.464554
1.23763
-0.425427
-1.15073
0.759622
0.00122382
0.531882
-1.11735
-0.212167
0.472075
0.510914
0.592645
0.692884
-0.117395
-0.216353
1.12461
0.346348
0.772203
-0.499891
0.127201
0.206606
0.184201
-0.979
0.433424
0.966633
0.110297
-0.249923
0.162902
0.177766
-0.307974
0.213045
-0.117975
0.898583
-0.0421723
-0.113045
0.594331
1.37507
-0.0660077
-0.165506
0.539957
0.667299
0.339489
0.295496
-0.228737
0.484914
0.26639
-0.774053
-0.199088
-0.804936
-0.400837
0.344697
0.429794
0.356744
-1.04412
-0.628239
-0.349649
-0.423754
0.247362
0.018171
-0.355512
0.714453
1.23916
-0.160032
0.361021
0.65842
-0.518485
0.394312
0.179944
0.843681
-0.107907
-0.659614
-0.13461
-0.0520051
0.634314
-0.378006
-0.525059
-0.884561
-0.371728
-0.759265
-0.674988
