-1.64066
-1.27191
-1.43276
-1.65735
-1.90305
-2.01247
-1.79069
-2.12389
-2.2529
-2.17181
-1.40019
-2.13762
-1.46159
-1.88896
-2.14604
-1.87399
-1.78471
-1.34652
-1.71714
-1.5707
-1.13543
-1.63294
-0.920623
-1.82156
-1.84186
-2.04958
-2.00591
-1.98731
-1.90627
-1.05237
-1.41214
-1.75457
-1.26735
-2.08378
-1.82816
-2.42672
-1.46294
-2.28627
-1.76106
-1.83998
-1.60594
-2.03688
-1.92772
-1.76872
-2.53251
-2.37933
-1.75128
-1.94744
-1.96423
-1.82398
-1.45944
-1.90603
-1.54175
-2.04631
-1.5829
-1.23364
-1.67776
-1.59078
-1.36901
-0.949968
-2.01228
-1.38766
-1.40813
-1.67508
-1.56643
-1.52613
-1.37641
-1.50129
-1.48014
-1.16923
-1.74208
-1.76549
-1.55773
-1.78518
-1.70155
-1.67362
-2.18846
-1.75011
-1.42503
-2.1293
-1.91604
-1.75476
-2.14323
-1.91084
-1.61617
-0.638086
-1.67372
-2.10867
-1.03663
-2.2422
-1.83183
-1.65698
-2.02822
-2.26874
-2.25711
-0.89899
-1.91422
-2.04667
-1.62312
-1.4475
-1.6895
-1.91222
-1.79785
-1.86512
-2.04265
-1.24817
-1.55494
-2.14778
-1.4826
-2.20531
-1.5935
-1.85374
-1.39723
-1.83819
-1.5407
-1.26798
-1.70395
-0.906017
-1.18927
-1.23469
-1.66625
-1.09738
-1.35269
-2.10035
-1.43397
-1.76897
-2.04995
-1.51183
-1.38916
-1.82637
-1.48801
-1.32209
-1.68854
-1.24044
-2.01283
-1.64507
-2.03536
-2.14075
-0.960918
-1.17665
-1.60771
-1.94688
-1.19053
-1.81425
-1.53328
-1.29135
-1.54178
-1.29298
-1.40137
-2.18551
-1.61767
-0.374436
-1.68571
-2.19864
-1.95239
-1.26328
-1.20121
-1.91278
-1.82165
-1.27536
-1.55642
-1.26864
-1.54901
-1.6073
-1.66518
-1.79723
-2.01546
-2.09425
-1.61022
-1.03455
-1.10714
-1.62259
-1.38613
-1.71473
-1.23549
-1.49037
-1.60577
-1.40014
-1.62864
-1.54338
-2.20196
-2.06714
-1.81971
-1.51079
-2.04069
-1.77207
-1.09373
-1.45653
-1.49181
-1.55202
-1.80624
-1.65595
-1.65367
-1.18977
-1.6133
-1.59968
-1.51321
-1.42496
-1.98516
-1.67554
