0.294843
0.310611
0.221237
0.48522
0.102759
0.158349
0.993849
0.690024
0.781675
0.279645
0.333306
0.436806
0.623759
-0.100251
0.486811
0.13285
1.07013
0.43868
0.160328
0.351405
0.533966
0.395568
0.731681
0.801658
0.664928
0.941677
0.613699
0.36858
0.224149
0.889791
0.685173
0.702337
1.22449
0.727927
0.983547
0.555805
-0.0570982
0.482572
0.129356
0.732747
0.639277
0.0799
0.925863
0.458569
0.0866399
0.89792
0.665575
0.82979
0.854756
0.497942
0.444789
0.857271
0.558173
0.990215
0.453505
0.651076
0.761835
0.438983
0.947299
0.381411
0.772906
0.376185
0.910018
0.852575
0.561796
1.10236
0.757434
0.609491
0.298285
0.122629
0.677192
0.788564
0.804774
0.855858
0.725044
0.019348
1.22074
0.571102
1.02913
0.550354
0.712364
0.178642
0.605826
0.652004
0.522552
0.661196
0.417104
0.529426
0.319758
0.616848
0.192214
0.37812
0.0236617
0.332554
0.820509
0.629466
-0.134921
0.399467
0.557972
0.216835
0.0307884
0.376511
0.771174
0.917426
0.397484
0.429978
0.742944
0.139224
0.587931
0.376076
0.680483
-0.268828
0.359457
0.862471
0.434514
0.792205
0.521714
0.763741
0.533057
0.628847
0.435631
0.568801
0.606937
0.439609
0.72638
0.270763
0.779524
0.377082
0.312594
0.855031
-0.0349109
0.431612
1.03239
0.219046
0.578158
0.161201
0.384538
0.163309
1.0841
0.654378
0.213837
0.21461
0.678509
0.234693
0.795022
0.83374
0.992787
0.451708
0.251562
0.442988
-0.0306065
0.931047
0.76642
-0.0162797
0.763745
0.264331
0.296932
0.156849
0.244952
0.200473
-0.196548
0.103919
0.363398
0.282158
0.392414
0.815281
0.523727
1.06044
0.843568
0.752589
0.416083
0.611355
0.384771
0.261834
0.229268
1.0726
0.181964
0.23742
0.684996
0.761903
0.718514
0.817644
0.729844
0.141955
-0.152698
0.542858
0.245334
0.806394
1.17758
1.07479
0.727502
0.710848
0.172618
1.15045
0.765111
0.66496
0.950915
1.22655
0.414651
0.605152
