5.6217
4.80676
5.49129
4.95335
5.32184
5.206
5.40429
5.13928
5.21077
5.12086
5.54412
5.18304
4.71539
5.27791
5.17987
5.75555
4.75451
5.68323
5.04775
4.71756
4.93895
5.7678
5.2299
5.42068
4.81085
4.50681
5.45586
5.28783
4.97787
5.5181
5.13423
5.3988
5.48502
5.18395
5.17264
5.69584
5.6391
4.98948
5.21152
5.02291
4.87171
4.9773
5.26073
5.01806
5.51948
5.58678
4.34672
4.56325
4.80741
4.80919
4.77727
5.59859
4.80533
5.56067
5.98672
5.11707
4.99883
5.23803
4.86957
5.00505
4.80138
5.31281
5.19509
4.94436
5.4168
4.96171
4.85587
4.79707
5.10677
4.89543
5.2645
5.13026
5.20342
5.48363
5.46247
5.04534
4.4703
5.45595
4.82338
5.68867
5.20832
5.20358
5.12167
5.87987
5.03202
5.35403
4.71226
5.36163
5.30947
4.93823
5.53278
5.09627
5.21267
5.05873
5.3435
4.51873
4.98664
5.29056
5.40589
5.03644
