0.0298067
-1.08314
-0.196664
-1.47917
-2.00072
-1.73069
0.320366
-1.72091
-0.599316
-1.41758
-0.467342
-0.439666
-1.09404
-1.08009
0.0551215
-0.641335
-1.82121
-1.18
-0.236072
-1.25331
0.608864
-1.44289
-1.35557
-1.32598
-2.18703
-2.12764
0.0279942
-0.481274
-0.715205
-2.18418
-1.06416
-0.754945
-2.56131
-2.01841
-1.26059
-1.29504
0.442189
-0.552295
-1.59098
-1.16349
-1.21566
-2.61617
-1.53801
-0.488915
-1.19352
-0.30858
-0.582661
-1.2758
-2.262
0.214191
0.948244
-2.61276
-0.959837
-1.50866
-1.55696
-1.47728
-0.536208
-0.609095
-0.552114
-2.72184
-2.4196
-1.36535
-1.75053
-0.941144
-0.928092
-0.443769
-0.892149
-0.342274
-1.79026
-1.28747
-0.460981
-2.83895
-1.05798
-1.42161
-1.66385
-1.80506
-1.48897
-1.35286
-1.31409
-1.16283
-1.19312
-1.52251
-0.614365
-1.0397
-0.0995842
-1.30359
-1.06771
0.03092
-1.37589
0.261321
-1.51636
-0.0482479
-1.45103
-0.206463
-0.0874893
-1.19127
-0.369013
-0.368643
-0.900206
-1.78968
