-0.326119
-1.00326
-0.500374
-1.01423
-0.0486679
-0.724583
0.0813322
0.13033
-0.519757
-0.570314
-0.844162
-0.370341
-0.558355
-0.581071
-0.0499503
-0.738107
-0.475606
-0.433151
-0.759726
-0.787958
0.0603007
-0.265052
-1.3751
-1.15908
-1.25666
-1.31818
-0.58763
-0.359071
-0.175048
-1.15429
-0.351977
-0.363021
-0.812349
-0.718105
-0.201595
-0.0967429
0.218435
-0.469419
-0.719502
-0.440395
-0.483442
-0.580416
0.106329
-0.478251
-1.04191
-0.127254
-0.728074
-0.280209
-0.761341
-0.722981
-0.285461
-1.19396
-0.923174
-0.0627673
-0.690489
-0.418444
-0.816024
-0.381791
-0.634791
-0.315972
-0.326802
-0.562993
-0.335021
-0.0242495
-0.460727
-0.394393
-0.53393
-0.805879
-0.847091
-0.00871472
-0.82566
-0.142724
0.0879814
0.0919945
-1.08647
0.11319
-0.31804
-0.647501
-0.0141381
-0.379675
0.00890523
-0.879198
-0.675144
-0.193845
-1.2158
-0.567
-0.597477
0.138636
-0.604813
-0.594898
-0.495209
-0.598813
-0.409038
-0.251827
-0.264834
-0.12178
-0.600252
-0.307763
-0.873948
-0.471009
-0.792689
-0.307708
-0.63382
-0.189646
-0.389578
-0.33787
-0.508711
-0.463686
-0.517602
-0.497327
-0.589199
-0.609519
-0.5305
-0.571878
-0.395499
0.243864
-0.597326
0.278244
0.11678
-0.0735317
-0.111121
-0.62441
-1.73003
-0.604088
-0.400003
-0.255443
0.0228932
-0.474457
-0.331337
-0.433402
-0.830703
0.457674
-1.38346
-0.715474
-0.733026
-0.0189309
-0.583822
0.241956
-0.322961
-0.395221
0.0993234
-0.43517
-0.234158
-1.24006
-1.36885
-0.234948
-0.353862
-0.502703
-0.631205
-0.212824
-0.333649
-0.400616
-0.232664
-1.27986
-0.836576
-0.697802
-0.505496
-0.625291
-0.370526
-0.394779
-0.276563
-0.361813
-1.25508
-0.483892
-0.579071
0.180942
0.0230483
0.29039
-0.50692
-0.620917
-0.376569
-0.20558
-0.373767
-0.370059
-0.531685
0.101753
0.0152589
-0.92593
-0.36427
-0.965573
-0.323086
-0.175839
-0.608011
0.323453
-0.168025
-1.04841
-0.550809
-1.15454
-0.473196
-0.161627
0.122385
-0.0151429
-0.0320658
-0.339966
-0.270268
-1.25762
-0.397527
-0.14435
-0.437221
-0.610667
