0.19025
1.16613
-0.153525
-0.0301305
0.546717
0.230493
0.657212
-0.541319
-0.0407104
-0.189585
-0.546679
0.0169094
0.356653
0.876499
0.099515
0.127564
0.321101
-0.034594
0.0258412
0.176535
0.639467
-0.0348177
0.171117
0.156965
-0.0980043
0.540919
-0.18115
0.676043
-0.514493
0.291204
0.0108147
0.85395
0.527667
0.189514
0.120606
-0.494813
0.528108
0.72097
-0.452858
0.225649
0.119758
0.847654
0.240358
-0.403412
0.123877
0.76741
-0.274518
-0.0932434
0.417835
-0.19429
0.672334
0.135439
0.521997
0.727855
0.65176
-0.703797
0.640399
0.602006
0.0294929
-0.197818
0.924005
0.331091
-0.990389
0.352101
0.538655
0.633405
-0.350678
0.0647117
0.371872
0.204295
0.0689889
0.430835
0.4098
-0.317773
0.503158
0.316747
-0.506065
0.00218229
0.624357
0.0439054
0.249496
0.527911
0.246782
0.344784
0.276662
0.214372
0.246448
-0.609111
-0.095698
-0.0543648
0.559639
0.45834
0.0641462
-0.349909
-0.465175
0.849313
0.100811
-1.05907
-0.0273179
0.182613
-0.0749817
-0.0596407
-0.565948
0.400083
0.781021
0.197271
0.424013
0.865334
0.876052
-0.822462
-0.0132006
0.135636
-0.3857
0.757401
0.489623
0.0578745
0.463148
0.0677109
0.725902
0.127053
-0.504835
0.12883
0.401924
-0.22229
0.67393
0.891174
-0.348476
-0.845382
0.523265
-1.00918
-0.489034
-0.078729
-0.223983
-0.29481
-0.176131
-0.350816
0.517924
0.616976
0.0177932
0.136169
0.559239
0.187207
0.107091
-0.158075
0.166806
0.102784
0.638299
1.31602
0.530057
0.930447
0.607863
-0.332017
0.0558407
-0.13032
0.456149
0.144065
0.614123
0.00639849
-0.795021
0.525189
0.374971
0.337631
-0.234759
0.528032
0.0501691
-1.3404
-0.27957
0.300001
-0.0336249
0.228151
0.430056
-0.238399
-0.016809
-0.360667
-0.777551
-0.675267
-0.417869
0.0856012
0.587548
0.36967
-0.433606
-0.304304
-0.0187214
0.625033
0.355009
0.0977578
0.526451
-0.461458
0.1834
0.126687
1.0675
-0.536975
0.102326
0.0862712
-0.0455046
0.39467
0.417576
0.348908
0.850252
-0.191962
-0.383064
0.0494622
0.967554
-0.0394603
-0.50992
-0.263838
0.743448
0.698464
0.391932
0.54182
0.576351
0.612254
-0.665705
0.64803
0.254808
0.314217
0.776661
-0.542723
0.439348
0.782583
0.275206
0.19547
0.313196
0.620321
0.139022
0.110937
0.906273
0.264217
0.796437
-0.182332
0.245537
0.82612
0.548791
0.0178714
0.201982
0.998233
0.516144
-0.352815
0.382239
0.287529
0.268875
0.672024
-0.238409
0.284784
1.04168
0.049816
-0.390967
0.535419
0.101878
0.462744
0.918862
0.444216
0.0998383
0.328927
-0.0407718
-0.580525
0.601135
-0.204166
0.524409
-0.657553
0.108908
0.143184
0.465195
0.566352
-0.14817
0.727446
-0.365259
1.30893
0.0970352
0.246737
0.391971
0.606369
0.376272
0.141855
-0.838754
0.109124
0.876793
0.324604
-0.369834
-0.216967
-0.134624
0.634238
0.642272
-0.219976
-0.368047
0.663705
0.909268
-0.794556
1.0506
-0.0921282
0.533841
-0.0844865
0.0894494
0.184925
0.34912
-0.157313
-0.548925
-0.713048
0.0263772
0.0245246
-0.344827
0.0211251
0.216157
0.161763
-0.221264
0.212028
0.507859
0.547078
0.1652
0.173881
-0.695744
-0.0194495
-0.220983
0.45912
0.157091
0.692201
0.210124
-0.239873
0.0274968
0.394935
-0.0799033
0.885189
0.39815
-0.089482
0.0634318
-0.352709
-0.170161
0.129735
-0.511653
0.0909316
0.0474735
-0.0519476
0.874059
-0.452377
-0.0519929
0.593157
-0.44737
-0.215029
-0.10865
0.276194
0.0576154
0.496846
-0.00388544
-0.555214
0.5307
0.409844
-0.420667
-0.0833835
-0.0544899
-0.178774
0.416449
0.264791
0.171243
0.234759
0.122978
0.22264
-0.485083
0.0669814
-0.435299
0.199907
-0.257054
0.553649
0.0783969
0.0625948
-0.501367
-0.0276965
1.16897
0.589944
0.130745
0.739248
0.504491
0.640175
0.145529
0.743129
-0.0558269
-0.0667517
0.210344
0.0384292
0.393369
-0.867135
-0.407891
0.145164
-0.300041
0.0106282
0.892509
0.474964
0.69774
-0.122993
0.395582
0.296696
-0.282693
0.0572559
0.385616
-0.170655
-0.129762
0.599904
-0.589015
0.257115
0.730314
-0.21374
0.256639
0.343914
-0.704312
-0.393817
-0.490782
-0.265911
0.0955191
0.689253
-0.425058
-0.354046
0.0793977
0.391327
0.140533
0.339332
0.803727
-0.357039
0.200998
-0.426481
0.521429
0.447059
-0.0656086
-0.0616653
-1.19182
-0.718352
-0.227653
0.325594
0.898829
0.843738
-0.0888209
0.0977259
-0.0744049
0.393851
-0.24808
0.7981
0.122292
0.263355
0.693826
0.161471
-0.166031
-0.348562
0.473694
0.924437
0.0588439
0.363139
0.144957
0.216835
-0.0411842
0.145627
-0.00602303
0.507986
0.698409
0.782253
-0.441666
0.547453
0.146562
0.453499
-0.370626
-0.264081
0.224746
-0.35894
0.696976
0.0899361
0.121759
0.109667
0.171697
0.517451
-0.665746
-0.208144
0.588919
-0.0609302
0.285869
0.151609
0.307473
0.275503
0.0993485
-0.0838927
0.972753
-0.0356026
1.10866
0.45781
0.869336
0.469526
0.272373
-0.494733
-0.0886453
0.51993
0.537656
-0.539103
-0.353643
0.357462
-0.352414
0.203961
0.264207
0.311226
0.592619
0.015834
0.130896
0.316052
0.663183
-0.00857381
1.15434
0.393102
0.00244865
0.475925
1.12368
-0.0029491
0.639814
0.025258
0.0325058
-0.054444
0.327927
-0.501581
0.305174
-0.187125
0.812096
-0.0771141
0.616573
0.970604
-0.153554
1.03359
0.67103
0.429946
0.0134953
0.648379
-0.356841
-0.0610083
0.422159
-0.27256
0.034389
0.837711
0.280824
0.103148
-0.404546
0.984972
0.159697
0.295013
0.231823
-0.424298
0.935544
0.30152
0.368012
0.506149
-0.258305
-0.143808
-0.308853
0.75877
-0.257617
0.278098
0.317538
0.626685
-0.524786
0.345862
-0.174619
0.166499
0.0549831
0.983823
0.249973
-0.096881
0.396453
0.986246
-0.642944
0.351345
0.271799
0.917473
-0.0613156
0.464273
0.165611
-0.70872
0.00294492
0.347883
0.345299
0.671354
0.246226
-0.120593
-0.0332434
-0.317473
0.00324095
-0.373536
-0.100494
-0.321347
0.287991
-0.097908
0.669091
0.303655
-0.048349
0.415409
0.538992
0.254278
-0.411787
0.362905
0.256662
0.379617
-0.292989
-0.231416
-0.090743
0.479497
-0.80646
0.382907
0.383144
-0.0589068
0.310341
0.166693
-0.172751
-0.792408
0.996273
-0.0515828
-0.102317
0.305263
0.424567
-0.0619548
0.691846
0.0621392
-0.564968
0.00432679
-0.361884
0.0545725
0.190712
-0.0168911
0.789399
0.598785
0.271055
0.69701
0.1159
0.462421
-0.160672
-0.0626849
0.353595
0.3596
-0.509638
-0.389717
0.347523
0.135035
-0.420341
-0.363795
0.594044
0.539139
-0.229088
0.793778
-0.117712
0.942323
-0.167571
0.308993
-0.0405948
0.60624
-0.152995
0.423201
0.313667
0.175784
0.368601
1.42812
0.515115
0.193986
0.980671
-0.712266
0.0855854
0.403135
0.360503
0.124115
0.183582
-0.691213
-0.289043
0.627112
-0.494639
0.276102
-0.195491
0.397354
0.705465
-0.177896
0.559271
0.441362
0.201903
-0.175326
0.366085
1.05508
0.588334
0.498787
0.120838
-0.00565323
0.294607
-0.501425
-0.138972
-0.101994
-0.184067
0.107903
0.350466
0.873602
0.426166
0.117909
-0.141244
-0.118226
0.802548
-0.141259
0.21146
0.539582
-0.738217
-0.736648
0.194119
-0.590308
0.00500827
-0.0150838
0.803044
-0.849822
0.661035
0.202944
-0.572989
-0.294278
0.421664
0.568741
-0.119126
0.597355
-0.293023
1.05418
0.527089
0.560165
0.705612
0.730255
0.117841
-0.00722497
0.0390769
-0.418742
0.390035
-0.404776
-0.00667672
-0.0747265
0.305734
-1.08004
-0.772959
0.406724
1.25745
0.273525
-0.438803
0.127603
0.486624
0.363658
-0.0494753
0.544888
-0.488628
-0.0849038
0.713086
0.292699
0.889263
0.163536
-0.855075
0.901876
-0.316528
0.893127
-0.779199
-0.959774
-0.0658585
0.826595
0.244333
0.28576
0.173073
0.0756675
0.537393
0.532773
1.11811
0.11737
-0.174211
0.229998
0.164957
-0.290699
-0.38908
0.554155
-0.38822
0.270426
0.508818
0.230952
0.182516
-0.0419869
0.470048
0.218179
0.327967
-0.27829
0.0588695
0.359408
-0.0446759
0.911564
0.453984
0.399039
0.471638
0.313534
-0.432698
-0.489841
0.316918
0.532566
-0.199048
0.299208
-0.467515
0.0207057
0.495657
0.102751
0.732582
0.689412
0.522205
-0.504891
0.0688033
-0.134777
0.121805
0.472605
0.119075
-0.0357735
0.415755
0.431985
-0.618807
0.1766
0.0679113
-0.211392
0.594369
-0.436798
-0.701566
0.733104
0.285628
0.0282586
-0.665421
-0.0492673
0.292319
-0.763932
0.577831
0.152326
0.213304
0.914726
0.526331
0.78899
-0.00408666
0.434673
0.610686
-0.0831326
0.346571
0.182228
-0.620235
-0.0010697
0.238697
0.374998
-0.190097
0.178877
0.30249
-0.805441
1.42489
1.00502
0.0270581
-0.743796
0.0173846
-0.277957
1.04458
0.76412
-0.320805
0.664666
0.361194
-0.479167
0.526503
-0.0101628
0.0573743
-0.070401
0.0932182
0.191142
-0.00721466
0.458243
-0.112027
-0.00846642
0.604751
0.23125
-0.217649
0.17719
0.858303
-1.28809
-0.367991
0.258399
-0.158892
0.494594
1.02565
0.273731
0.621776
0.717148
0.615679
0.368929
0.264149
0.235474
0.37626
0.20036
-0.145286
-0.30898
0.335206
0.0636282
0.0738655
-0.0827568
0.14669
-0.450018
0.947135
-0.371533
-0.107542
0.526844
1.16734
-0.38246
0.883196
-0.405726
0.673392
0.239042
0.294863
-0.419036
-0.196566
0.512875
0.858447
0.0672423
0.0214444
0.240677
0.57062
0.567751
-0.384046
-0.362136
0.117655
0.332991
0.665724
0.459333
0.320924
0.0535388
0.573345
-0.15696
0.0771704
0.286818
-0.0198789
-0.175927
0.505504
-0.167545
0.471569
0.893201
1.21202
-0.0693937
-0.2323
-0.269967
-0.141425
0.860216
0.184311
0.487105
0.221836
0.806082
0.249307
0.574629
0.119484
0.531071
-0.392314
-0.673995
-0.493858
-0.426038
-0.599468
1.05496
0.433086
0.210275
0.728816
0.106545
0.142811
-0.177874
0.392609
0.414397
-0.0249138
0.61236
0.388925
0.0969234
0.724627
0.359464
0.297102
0.0521795
0.845008
0.0639193
0.109988
-0.34354
-0.335757
0.727975
0.224819
0.648371
0.132193
-0.158123
-0.183222
0.230626
0.652025
-0.161841
0.0360805
-1.09129
0.301832
0.128167
-0.0347692
-0.350121
-0.389318
-0.158109
-0.0552336
-0.0258929
0.446708
-0.674682
-0.082227
0.278207
-0.375833
0.111251
0.401014
0.0275293
-0.0268428
0.241322
0.00208005
0.937978
-0.289993
0.454857
