5.40103
5.57231
5.16207
5.0607
6.00082
5.27174
5.3367
5.31607
5.64915
4.99699
5.69511
5.09808
5.14603
5.60467
4.61006
4.89172
5.61218
5.24596
5.59479
5.1405
5.59306
6.0251
5.28546
4.35979
5.28216
5.18176
5.3681
5.47877
4.78423
4.83952
4.7589
4.92451
4.99693
5.15257
5.78879
5.77068
4.99746
5.55206
5.39694
4.86763
5.42707
5.3656
5.345
5.38667
5.1706
5.2185
4.968
4.93737
5.87132
5.44528
5.27432
5.56898
5.1703
5.12634
5.34615
5.41111
5.91375
5.00645
5.17077
5.31595
4.83748
5.70459
5.00115
5.54509
5.22148
5.27832
5.21199
5.36043
5.14837
5.57824
5.32944
4.81574
5.81217
5.05861
4.68011
5.28028
5.21584
5.41091
4.93186
5.02697
6.1102
5.10665
5.0749
5.38235
5.60346
5.2567
4.77461
5.35127
5.37006
5.45698
5.21282
5.4364
5.3736
5.26431
5.96826
5.51801
5.20018
5.37255
4.83721
5.49751
