-0.465417
0.149784
0.842958
0.274473
0.591356
0.147398
-0.118606
-0.367961
-0.243417
-1.01743
-0.602922
0.109761
-0.244093
0.220514
-0.150152
-0.463033
0.218449
-0.486446
0.414235
-0.883625
0.25404
-0.283899
-0.0780605
0.32113
-0.0309132
0.0733072
-0.0495418
0.0590881
0.832743
0.0726463
-0.36535
-0.186788
0.131205
-0.159572
0.461974
-0.767623
0.0142387
-0.309667
0.425291
-0.537488
-0.123195
0.105953
0.872085
-0.321535
0.769124
-0.524244
0.258833
-0.635176
-0.559733
0.101763
0.225992
0.128652
-0.177207
0.0280663
0.187209
-0.469803
-0.667094
0.827346
0.112175
0.422246
-0.0991008
0.0779244
-0.665486
0.00692136
-0.0590708
0.147832
0.416879
0.384359
-0.133045
0.389904
0.552761
0.184045
0.355861
-0.609551
-0.447758
-0.222086
0.259954
-0.194351
0.303858
-0.33747
-0.341798
0.260068
0.109758
-0.252751
0.74024
0.261787
0.344432
-0.0135945
0.361983
0.40047
0.135081
-0.384654
0.418379
0.19029
-0.113987
0.47556
-0.312914
-0.134626
0.0384669
-0.425175
0.370032
-0.504621
0.226137
-0.0215152
0.0364025
0.513261
0.259441
0.10231
-0.322751
0.305649
0.225948
0.471631
0.449391
0.135273
0.0317699
-0.650761
0.188769
0.142581
-0.597576
0.0899917
0.0999415
-0.512333
-0.575187
0.112206
-0.0147358
-0.361662
0.300212
0.220742
0.0514813
-0.0900763
-0.249611
-0.19885
-0.388961
-0.310869
0.0995897
0.386179
-0.0526366
0.498874
0.438764
-0.0600752
0.515316
0.3299
0.23489
0.256758
-0.0409741
0.260308
-0.12091
0.165753
-0.342046
0.360086
-0.456008
-0.594426
0.128032
0.0650372
0.238202
0.466323
0.715215
0.366651
0.160571
-0.610276
0.389761
0.165166
-0.3852
0.0515867
0.284774
0.671075
-0.179791
-0.135129
-0.440379
-0.323177
-0.771202
-0.823305
0.410042
-0.150864
0.0251182
0.0957961
-0.040758
-0.376499
0.364699
-0.268216
0.0701675
-0.29828
0.620858
0.810789
0.95453
-0.567098
-0.4332
-0.493746
0.504309
0.100445
-0.188104
0.450551
-0.560855
-0.543161
-0.025363
0.00482203
-0.0935156
0.216169
-0.786322
0.507495
