0.69097
1.34083
0.814852
1.41607
0.669864
1.9129
1.83579
1.29861
0.545982
0.533217
1.24842
1.33508
1.36283
1.09612
1.78471
1.31233
0.963229
1.10951
1.2269
1.22511
1.06441
0.887943
0.669579
0.769744
1.16792
1.35214
1.16053
1.6248
2.00675
0.47557
1.60951
1.21411
1.51197
1.55142
1.35199
1.73279
1.25751
0.791605
1.30117
1.95573
1.12745
0.943439
1.91057
0.778283
1.05546
0.680246
0.685597
0.541005
0.96851
1.56804
1.60758
0.817026
1.09168
1.4333
1.27019
2.05561
0.792562
1.22145
1.13558
1.22652
2.00919
1.64518
0.960002
1.44535
0.706669
1.80403
1.22119
0.998307
1.42748
1.75897
1.20233
0.703607
0.94803
1.20188
1.92548
1.15035
1.38549
0.518591
1.49188
1.49704
0.550547
1.29752
1.196
0.940941
1.33325
1.85137
0.815795
1.03935
1.5028
1.29183
1.13973
1.07765
1.43419
0.751643
1.17429
1.23526
1.11172
0.948385
2.24413
1.08055
1.00765
0.82468
0.940144
1.35057
1.22653
1.22975
1.46384
1.5718
1.0037
0.620578
1.49535
0.588796
1.09601
1.43801
1.23598
1.44628
1.09351
0.520455
1.20927
1.30152
1.25827
0.735433
1.42602
1.09608
1.94937
1.50644
1.27358
1.54949
1.38697
1.07894
1.18575
1.25789
1.5149
0.75185
1.02483
1.05095
0.830778
1.7732
1.65864
1.74904
1.32995
1.7532
1.17243
1.67973
1.19123
1.29254
1.26761
1.0102
0.948013
2.23921
1.06141
1.10819
0.854977
0.81991
1.45386
1.56725
1.48908
1.26883
1.80431
1.46639
0.639917
0.926563
2.20812
1.59163
0.437444
1.21706
0.42785
1.42892
0.99984
1.40831
1.37047
0.939092
0.464197
1.34695
1.30309
1.14782
0.958994
0.83806
1.3708
1.20888
1.33378
1.46476
1.13201
1.63641
1.76504
0.800077
1.29492
0.499728
1.331
1.61051
0.762031
1.39629
1.14603
1.53904
1.46568
1.91335
0.621758
1.87282
1.06363
1.03604
