-0.630628
-0.236488
-0.249925
-0.319206
-0.125086
-0.00922799
-0.0624522
-0.95486
-0.455756
-0.148652
-0.514167
-0.138877
-0.399004
-0.453577
-0.0518016
-0.226697
0.00682385
-0.010677
-0.670287
-0.52566
0.0879731
-0.44013
0.0815264
-0.77015
-0.598676
-1.08187
-0.712587
-0.317933
0.309339
-0.0660506
-0.770192
0.103216
0.478447
-0.791238
-0.173159
-0.588256
-0.107242
0.611644
-0.324355
-0.428935
0.272579
-0.767429
0.00234722
-0.237439
-1.05539
-0.681622
-0.507064
-0.874163
-0.134906
0.234329
0.2431
-0.193591
-0.723341
-0.243618
0.356732
-0.817058
-0.706401
-0.0741973
-0.540152
-0.344597
-0.167952
-0.768855
-0.195242
-0.101674
-0.181672
-0.517341
0.105164
-0.707899
-0.99421
-0.43201
-0.340116
-0.118071
-0.194149
-0.214893
-0.769135
-0.636905
-0.608856
-0.738054
-0.423571
-0.672192
-0.311882
-1.09717
-0.845736
-0.343418
-0.468617
-0.325773
-0.283662
-0.577496
-0.577886
-0.0248025
0.130322
-0.555999
-0.487903
-0.759237
-0.200959
-0.131611
-0.542388
-0.330917
-0.400993
-0.494619
-0.00734543
-0.607091
-0.749085
-0.575347
-0.485713
-0.0677397
-0.503097
-0.806648
-0.128274
-0.684448
-0.239664
0.0251118
-0.721339
-0.382856
-0.219591
-0.637236
-0.638914
0.342776
-0.657461
0.0592362
-0.119924
-0.88261
0.743192
0.180225
-0.427278
-0.0078263
0.113944
0.254076
-0.744111
-0.367556
-0.350073
-0.823659
-0.638275
-0.114488
0.201237
-0.0504354
-0.423625
-0.481671
0.201701
-0.543837
-0.846306
-0.583151
-0.764626
-1.11103
-0.0421869
0.228103
0.014554
-0.106455
0.0805947
-0.278118
-0.986851
-0.528277
-0.324298
-0.0701814
0.3135
-0.0296176
-0.515522
0.345083
-0.199377
-0.114721
0.28411
-0.657471
-0.0832128
-0.114516
-0.279329
-0.649934
-0.0885397
0.140488
-0.394286
-0.200357
-0.44689
0.051265
-0.108953
-0.158859
-0.418806
-0.744181
-0.375737
-0.144064
0.174228
-0.670178
-0.486477
-0.87095
-0.403485
0.0896048
-0.381164
-0.0310188
-0.311806
0.0283175
-0.098204
-0.263888
-0.559423
-0.594516
0.121888
0.235083
-0.363889
-0.436518
-0.626054
-0.420033
-0.259447
-0.396396
