5.48347
4.22169
4.82831
4.84534
5.42518
5.8719
4.9656
5.3748
5.42671
5.12371
5.49324
4.74815
4.58679
5.31378
3.47777
4.03632
5.85865
5.69264
5.28469
4.36337
5.34099
5.51258
4.34381
4.25731
5.57618
3.68616
4.95797
6.16952
4.64095
5.55089
4.24814
4.93266
4.81841
4.3776
5.05636
6.00275
4.50927
5.59026
4.90066
4.32439
4.67659
5.34345
4.92492
5.06038
4.51671
4.91419
5.08874
5.12115
6.28041
4.66491
5.52894
5.12597
4.45257
4.67458
4.86895
5.44966
5.53083
4.01626
5.05589
4.9448
3.7332
5.90754
5.64051
5.18464
5.20165
4.82104
5.62359
4.65114
5.42049
4.40185
5.50471
4.68813
5.41062
4.13028
4.54035
4.49338
4.47575
4.8323
4.86919
4.21925
5.95169
5.09415
4.32868
4.85817
5.91551
4.76479
3.8203
4.27198
5.1325
4.64494
4.70958
5.36866
4.64562
5.0952
5.87101
4.65463
5.44563
5.64126
4.03568
4.68469
