-0.75256
-1.10631
-0.400348
-0.378126
-0.906476
-0.888733
-0.206574
-0.613311
-0.0217785
-0.155122
-0.660736
-0.0766153
-0.495597
-0.284638
-0.359456
-0.37867
-0.621412
-0.834701
-0.839334
-0.678006
-0.29396
0.103924
0.132086
-0.562406
-0.793232
-0.216738
-0.829227
-0.864229
-0.679545
-0.913778
-0.82152
-0.774072
-0.993176
-0.585496
-0.686124
-0.844888
-0.17457
-0.826542
-0.426731
-0.665446
-0.601688
-0.753991
-0.836398
-0.896575
-0.329251
0.151309
-0.812334
-0.953219
-0.341793
-0.262248
-0.26161
-0.984645
0.221225
-0.317583
-0.514471
-0.763582
-0.901553
0.19194
-0.350237
-0.605865
-0.42353
-0.123802
-0.361485
-0.871582
-0.158251
-0.116354
-0.737957
-0.851205
-1.31779
-1.04675
-0.546333
-0.145072
-1.28768
-0.958505
-0.0953005
-0.953599
-0.864424
-0.838322
0.61236
-0.594549
-0.66944
-0.506059
-0.252969
-1.13116
-0.720233
-0.853166
-0.0798816
-0.355356
-1.18334
-0.320877
-0.503921
-0.376766
-0.343795
-0.740919
-0.781172
-0.839151
-0.362835
-0.415007
-0.451704
-1.11786
-1.24254
-0.375247
-0.671809
-1.14132
-0.349657
-1.32072
-1.0549
-0.803251
-1.02573
-0.150932
-0.292215
-0.35398
-0.242584
-1.16599
-0.523572
-0.415431
-0.459501
-0.321332
-0.275143
-0.402734
-0.474244
-0.508932
-0.733186
-0.431592
-1.76157
-0.937044
-0.741756
-0.837565
-0.578377
-0.272891
-0.366316
-0.591074
-1.00846
-0.518459
-0.532462
-0.626231
-0.885699
-0.225964
-1.49211
-0.656425
-0.669077
-0.863909
-1.04161
-0.0648634
-0.592427
-0.523012
-0.843599
-0.33003
-0.76909
-0.076826
-1.00104
-0.417618
-0.63489
-0.849409
-0.272573
-0.884368
-0.166704
-0.330235
-0.487928
-0.478694
-0.563934
-0.925479
-1.08749
-1.0586
-0.53843
-0.292534
-0.539819
-0.804616
-0.966811
-1.2142
-0.295992
-0.726615
-0.146929
-0.635311
-1.26146
-0.45068
-0.23673
-0.643374
-0.789326
-0.00601468
-0.266979
-0.106893
-0.682869
-0.328549
-0.740319
0.160811
-0.223985
-1.0153
-0.298286
-0.706895
-0.551286
-0.137335
-0.688479
-0.50112
-0.83752
-0.625295
-1.00426
-0.816778
-0.60604
-0.815231
