3.19495
3.72021
3.61098
3.69736
3.24892
4.11486
3.74351
3.83613
4.07838
3.83186
4.42581
3.87073
3.9239
4.09806
3.48907
3.35245
3.64764
3.96718
4.25113
4.30519
3.74079
4.00699
3.91061
4.00989
3.90783
4.1003
3.98571
4.35844
3.23697
4.10304
3.95544
4.35385
4.02927
4.2618
3.90754
4.08497
3.74575
4.37003
3.99796
3.98978
3.78094
4.34043
3.8655
4.41904
3.73172
4.62734
3.91243
3.71152
3.51823
4.07147
3.82459
3.41707
4.13196
4.21949
3.69451
4.10801
4.33589
3.82025
3.41926
3.92862
4.01206
3.61799
3.86798
3.88296
4.24142
4.93784
3.78426
4.06905
3.78625
3.17446
3.39887
3.47428
3.77089
4.04429
3.66549
4.02795
3.75148
4.0247
4.05889
3.74871
3.81261
3.71112
3.94568
4.17638
3.61787
4.48695
4.37299
4.05092
3.53192
3.88432
3.7185
3.96529
3.72061
3.6904
4.37412
3.50882
3.66835
4.10837
3.57372
3.79427
