3.75369
3.12907
4.05502
4.82585
3.05803
3.95286
4.04304
3.56017
4.96564
4.11959
4.03087
3.56161
4.13051
3.94907
4.11266
3.33739
3.94073
5.46023
4.48965
4.52159
3.95276
3.49545
4.58253
4.71668
4.69071
3.42638
3.88678
5.02837
3.84222
5.19922
4.24624
5.08341
4.82578
4.49359
3.68171
4.85965
4.6193
3.93714
4.46732
4.22221
3.62858
3.83004
3.97543
4.73196
4.17811
4.17573
4.44382
4.03671
3.44021
3.95705
4.1958
3.34205
3.79001
4.41822
4.13221
4.75633
3.63227
4.00361
3.95602
3.51085
4.27522
3.0666
4.36214
3.97922
4.97901
5.86904
3.61056
4.54419
3.99333
3.73684
3.97695
4.2425
3.75484
4.36749
3.80673
3.22988
3.42026
4.231
4.73055
4.29778
4.10259
5.14633
4.175
3.63581
4.46257
5.39437
4.39125
4.20756
2.84131
4.37301
4.29946
3.72606
2.38103
4.42047
5.48949
3.84725
4.23391
4.89272
4.01818
3.86261
