2.4819
2.6903
2.5804
2.77571
3.3355
2.48753
2.99497
3.11321
2.80439
3.55555
2.64199
3.50154
2.08149
2.65149
2.86793
3.16215
2.61914
3.25366
2.82799
2.29644
2.6751
3.42888
2.33519
2.58936
3.11878
2.88681
2.70167
2.48172
2.80592
3.07036
3.25481
3.06936
2.60571
3.29617
3.42833
2.85227
3.25529
2.83271
3.01121
2.40486
2.97437
2.55527
3.06586
2.73754
3.06938
3.04598
3.33074
3.38637
2.8841
2.99783
3.4965
2.81791
2.59958
2.3572
2.8823
3.45075
3.23898
3.13214
2.33091
2.286
2.61126
3.18175
3.00049
2.36658
3.00227
3.18462
2.58011
2.71074
2.45219
3.24726
2.68789
2.6156
3.09795
2.63758
2.98717
2.73975
2.72186
3.23915
2.43541
3.2062
2.95633
2.53067
2.44623
1.99772
3.19294
2.5586
2.83169
2.11755
3.1134
2.76894
2.74471
2.65444
2.84182
2.85365
2.76733
2.7773
2.79152
1.90764
3.03899
2.81201
2.47209
2.61404
2.98685
2.4314
2.36234
2.61293
3.35068
2.36865
2.62232
1.94241
2.85728
2.58403
2.90993
2.88834
3.41367
2.51514
2.65526
2.33774
3.21726
2.90827
2.48723
2.61239
3.21002
2.93778
2.62783
2.63914
2.47853
2.21729
3.56207
2.27127
3.07713
3.06666
3.20594
2.13119
2.24103
2.69888
2.67607
2.68249
3.082
3.39435
2.7648
3.35289
2.93245
2.7833
2.66701
2.78
3.28147
2.63545
3.41978
2.44851
2.88243
2.74545
2.21702
2.68031
2.97552
2.41877
2.30307
2.95852
3.17562
2.67932
2.93761
2.77117
3.15004
2.92646
2.64344
2.45992
2.74718
2.57928
2.41665
3.47726
3.19773
2.98705
2.98307
3.30937
2.45598
2.45961
2.87745
2.87119
2.67261
3.52514
2.72982
2.44671
2.20425
3.09062
3.00413
3.06051
2.4622
2.3444
3.06267
3.35903
2.56176
2.28213
2.31678
2.84129
2.69614
3.10904
2.96223
3.03017
3.16888
3.02183
