1.77058
2.04976
2.11913
1.03117
1.71816
1.76518
2.46488
1.37413
1.78226
1.45485
1.63699
1.88924
1.90999
2.49804
1.86252
1.09078
1.74565
1.79971
1.44038
1.19202
1.58088
1.72288
1.68816
1.60175
2.46055
1.41638
2.15432
1.4658
1.45713
1.44439
1.55283
2.04959
1.56807
1.59976
1.55
1.20187
1.5165
2.13137
2.28536
1.49642
1.3572
1.26725
1.39313
1.88524
1.27759
1.15276
1.60618
1.64161
1.96674
1.63073
2.40507
1.6646
0.895312
1.95125
0.647411
1.32905
1.58501
1.5385
0.903861
1.28779
0.318167
1.43917
2.13009
0.888786
2.38197
1.83555
1.64846
1.83005
1.87709
1.19759
1.61487
1.39685
1.39699
1.2322
1.54192
1.67815
0.927267
1.9682
0.482135
1.08966
1.76724
1.79208
1.6419
1.94816
2.26612
1.01428
0.997775
1.41104
1.49017
1.98288
1.07086
0.747832
1.50419
1.59228
1.01012
1.94733
1.87681
1.6419
1.36089
1.66596
1.7105
1.68566
1.44775
1.63606
1.9575
1.21403
2.15903
1.0384
2.24881
1.92063
2.29797
1.52934
1.4846
1.13052
1.5853
1.496
1.43361
1.30416
1.62616
1.50511
1.98408
1.38784
2.24588
1.56694
1.18068
1.67649
1.4899
2.13391
1.3369
1.40459
1.74005
2.08591
1.5895
1.45664
1.58522
1.92621
2.22645
1.03442
1.6472
1.59142
1.28781
1.09584
1.73884
1.60826
1.35606
1.65475
1.50456
1.29921
0.680785
2.05708
1.67138
2.10322
1.85549
1.40641
1.50054
1.78414
0.988199
1.40827
1.66041
1.42631
2.14141
1.68217
1.35032
2.77775
1.68674
1.98011
1.71968
1.32856
2.35699
0.726432
1.7716
1.4886
2.35833
0.418463
1.73904
2.14954
1.54098
1.07314
1.61588
0.180748
1.90363
1.87716
1.17558
2.3116
1.17853
1.58045
1.03724
1.1961
1.63568
2.1315
1.29875
0.937209
1.41787
2.48445
1.6315
2.70836
1.28884
1.89042
1.63326
1.82577
1.07694
2.16672
1.3542
2.33957
1.58203
1.34747
2.04194
1.98626
1.51085
1.73417
1.81224
2.13592
2.20883
1.23482
1.61066
1.48344
2.80235
0.789029
1.48414
2.36405
0.914471
2.29516
1.21342
1.19254
1.52244
1.01581
1.02124
1.7305
2.36764
1.40232
1.56982
1.65338
1.62994
1.71435
1.07679
0.684049
1.44336
2.00679
2.00154
2.21547
1.62741
1.79468
1.63502
2.08777
1.42295
2.38579
2.3767
1.62517
1.54792
1.40897
1.68188
1.82603
1.94303
2.17422
1.25025
1.60132
1.72209
1.92737
0.996512
1.80778
1.54472
1.85472
1.22626
1.61938
2.43134
1.5131
1.30066
1.64762
1.35089
0.719361
2.08532
1.79267
1.95418
1.99931
2.00256
1.80566
1.54714
2.48104
1.64693
2.24578
1.14084
1.59748
1.67354
0.90847
2.40617
1.42401
1.57584
1.25279
1.58709
1.53824
1.56075
1.26789
1.63838
1.47674
0.696643
1.67676
1.5371
1.84264
2.29939
1.87619
1.16661
1.7456
0.710704
1.98515
2.17579
2.32103
2.04886
0.722345
2.18264
2.0339
1.83976
1.08592
1.33444
1.94096
1.47202
2.07439
1.22586
1.26907
1.36654
1.0763
2.53518
1.7619
1.64744
0.950925
0.862904
1.32284
1.09569
2.10589
1.2752
1.59557
2.14567
2.20174
0.957049
1.44193
2.0557
1.91446
1.67083
0.86624
1.82803
1.98048
1.39899
1.53271
1.48849
1.39654
1.94176
2.13143
1.68807
2.05328
2.01916
2.41259
0.71912
1.95398
1.36527
2.09546
1.88939
1.05654
1.77938
0.876142
0.538455
1.71773
0.982536
1.76213
2.43436
2.07252
1.0041
2.08741
0.711396
0.864228
1.2612
1.39521
1.30223
2.15378
1.51523
1.62535
1.50674
1.60721
1.8787
1.56828
1.64446
0.860442
1.9272
1.52257
1.16879
0.876715
1.69453
1.49959
1.09598
2.17734
1.74192
1.77594
1.11958
1.01648
0.574297
2.0476
1.66008
0.948517
0.637643
2.35127
1.61394
0.683908
1.40482
2.11967
1.52263
1.45631
1.92891
1.48576
1.19333
1.42733
1.25814
1.33099
1.18029
1.41387
1.69416
1.60915
1.90364
1.17526
1.82059
1.96077
1.35783
1.27198
1.71151
1.8078
1.75534
1.76384
1.90716
1.96983
2.23541
1.94719
1.79579
1.72085
1.45082
1.19648
2.02175
1.07154
1.52853
1.32268
1.78893
1.56561
1.76381
1.26347
1.87964
1.67432
1.40708
1.27337
2.06242
1.60555
1.10203
2.60716
1.33991
1.32691
1.67707
1.80102
2.17888
1.64791
1.89793
1.59972
0.86871
2.09156
2.59943
1.21348
2.3783
1.45546
1.77883
1.28797
1.28955
1.4165
2.32533
2.11923
1.93965
0.918439
1.02045
0.488336
1.11116
2.06337
1.26816
1.63056
1.35169
2.42198
1.65444
0.941751
1.28526
1.43613
1.9224
1.90597
1.43713
1.35433
1.89584
1.50127
2.6998
0.990792
1.69128
1.89134
1.77053
2.03184
1.97116
1.56066
1.34683
2.0857
1.35648
1.57438
2.03692
1.43897
1.26085
1.23351
1.7507
1.38803
1.18697
2.22686
1.3427
1.94024
1.16579
1.33747
1.40385
2.64
1.57134
1.22626
1.70655
0.865537
1.15786
1.30569
2.3221
2.45393
1.26731
1.87141
1.0281
1.45698
1.39602
0.736186
1.71545
2.22624
1.18611
0.947867
1.66397
1.50923
1.31298
1.77436
0.596311
2.26857
1.37977
1.40408
1.53702
1.29592
1.57073
1.98607
1.94446
0.292248
2.21292
1.728
2.24762
1.58784
1.23824
1.21586
0.929201
2.54499
1.47435
1.53945
1.22209
1.90993
0.883298
1.88195
1.51161
1.72825
1.15893
2.06066
0.984658
1.55169
1.05291
1.84804
1.03469
1.62759
2.10001
1.3428
0.905653
1.62518
1.85059
1.62513
2.34334
1.69459
2.60124
0.788226
1.77658
1.95046
0.777932
1.62145
2.22729
2.09909
1.85801
1.30231
1.64012
1.04479
1.34934
1.42596
1.148
1.78184
1.35722
1.51798
1.32315
0.420437
1.47149
1.77195
2.15284
1.52404
1.48177
1.89584
1.38427
1.74356
1.15451
1.17382
2.13805
2.03207
1.42369
2.23157
1.27947
1.35149
2.11823
1.85273
0.989249
1.51489
1.86614
1.62083
1.81918
1.4701
2.49807
1.61205
0.840693
1.11732
0.978989
1.66842
2.32014
1.47101
1.95231
0.184497
1.58209
1.048
1.51464
1.26765
1.65614
1.2167
2.10187
1.67054
1.2071
1.31629
2.25937
1.94195
2.251
1.14134
2.23769
1.24122
2.28899
1.68111
1.88128
1.59113
1.54798
2.08701
1.51275
2.47116
0.585639
1.85691
1.42156
1.66989
1.53673
1.08696
1.86364
0.962317
1.33566
1.75636
1.21924
1.68343
2.01069
1.79922
2.03088
1.94292
1.4165
1.98857
1.13344
0.979371
1.41402
2.77863
1.91489
2.1197
1.54494
1.78037
2.29954
2.13376
1.54752
1.48882
1.73623
0.435664
2.35299
1.81101
2.7531
1.70511
1.49569
2.03796
1.88898
1.59082
2.07055
1.54004
2.22207
1.28936
1.62237
1.61692
2.42915
2.18234
2.39305
1.55094
1.50788
2.24392
2.69632
2.19256
1.10398
2.17072
1.16873
1.75896
1.86539
1.67713
2.44104
1.73275
1.81947
1.40591
1.5759
1.95656
1.47867
1.61762
2.43001
1.66962
1.67438
1.43891
1.4422
2.05309
2.13888
1.89388
1.20836
0.842755
0.911137
0.89481
1.82216
1.38069
2.23576
1.42618
1.4454
2.19392
2.53303
0.981069
1.84785
1.5591
2.15357
2.1689
1.12934
1.36439
1.80319
1.78384
1.16339
1.75823
1.11385
2.25499
2.28375
2.19321
1.42456
1.70355
1.21414
1.28213
2.11752
2.09997
1.11918
2.20339
1.33984
1.0367
2.25251
1.48107
1.69592
1.53254
1.8564
1.44773
1.64861
1.36223
1.62857
2.1742
1.22791
2.65377
2.35803
2.19848
2.7366
1.86792
2.08192
2.13783
1.84308
1.69522
1.65421
1.3067
1.68087
0.929045
0.599792
1.21082
1.5147
1.08077
1.89259
1.54597
1.40745
2.01163
2.08335
2.3789
1.97954
1.62342
1.58625
1.45296
1.30878
2.18188
1.87709
1.78555
2.35322
2.38148
1.25629
2.0779
0.692932
1.48537
2.01751
1.9242
1.21947
1.64473
1.79033
1.6318
1.80022
1.42135
1.96907
2.28763
1.42838
1.8688
2.38237
1.30122
1.33127
1.95982
1.61394
2.40641
1.46722
2.33822
2.35143
1.05801
1.61406
1.92907
1.50078
1.82166
1.68219
2.25102
2.32172
1.76413
1.38019
2.18122
1.78578
1.48254
1.10358
1.10008
1.57606
2.21127
0.808394
1.20047
1.69422
1.67836
0.797007
0.917224
1.58047
1.55054
1.29245
1.5899
1.94899
2.23289
1.59355
2.09302
1.88923
1.40511
1.78551
2.49799
1.01022
1.78769
0.909872
1.49619
1.96254
1.27479
1.62116
1.38295
0.963659
1.46087
0.797679
1.88309
1.58745
1.77767
1.52392
1.67091
1.66314
1.90742
1.86637
1.61081
1.07771
1.83003
1.24373
2.09613
1.86387
1.54049
2.00131
2.17114
1.73767
1.4892
1.4255
1.15317
1.7215
1.67173
1.2536
1.50992
1.77818
1.1489
2.29244
2.18384
1.46622
2.04468
1.5659
1.62618
1.64768
1.44033
1.21002
2.18783
1.55331
1.93251
0.979632
1.64179
0.758151
1.78928
1.88396
0.866247
1.26347
1.25586
1.83165
1.6224
1.32821
1.31377
1.52625
1.2035
1.50145
1.32981
1.85301
1.37957
1.81901
2.35465
1.81933
1.6425
1.38283
1.472
1.00887
1.35845
1.82057
2.24865
0.638218
2.00264
2.44361
1.68249
1.50341
1.4891
1.54202
0.888001
1.4159
2.30964
0.853457
1.81208
1.8183
0.759818
1.31436
1.43897
1.04922
0.859371
1.9236
1.04988
1.1055
2.60326
1.82684
1.69644
1.77
1.84879
2.0394
2.08599
1.51735
2.14026
1.02206
1.61051
1.57743
1.91493
1.82186
2.20659
1.23925
1.18475
1.65131
1.95485
1.60498
1.28135
1.48785
2.23461
1.9963
1.29572
1.4595
1.46325
2.1415
0.425884
