-4.2419
-4.42898
-4.61172
-4.87295
-4.9128
-4.37156
-5.28908
-5.02933
-5.79974
-5.2801
-4.8921
-5.5407
-5.3208
-4.20894
-6.61749
-4.99156
-5.82203
-5.47031
-4.2358
-3.18918
-4.85874
-4.09885
-4.69089
-4.79833
-5.61935
-4.76867
-5.95694
-5.4458
-4.64378
-5.98009
-4.36513
-5.19543
-4.67983
-4.75232
-5.00241
-5.52853
-4.30097
-4.81798
-5.19537
-5.12463
-4.65878
-3.90769
-5.19335
-4.71975
-3.8829
-5.19189
-3.73153
-6.0209
-5.14791
-5.38173
-5.03098
-5.02957
-5.72039
-3.56249
-5.73679
-4.70707
-5.09627
-5.10745
-6.67125
-4.67154
-5.52907
-6.10032
-6.01934
-5.09291
-3.75265
-5.67984
-4.77401
-6.13285
-5.92853
-4.84467
-5.79792
-4.22034
-4.20789
-6.38978
-4.76481
-4.62844
-4.81054
-5.26108
-4.97005
-4.47832
-5.56134
-5.03023
-6.43191
-5.21173
-5.8506
-5.82782
-3.99942
-5.28144
-5.55623
-5.21943
-5.53472
-5.56969
-4.4472
-6.05215
-4.67556
-6.09236
-3.9314
-4.38898
-4.74172
-5.61531
