-1.41001
-1.55625
-0.840773
-0.413284
-2.116
-0.586848
-0.430759
-1.31115
-0.012235
-0.603282
-0.829651
-1.48264
-0.796215
-0.827852
-0.245153
-1.26796
-0.567811
0.721113
-0.330183
-0.335682
-0.875205
-1.46097
-0.171998
-0.0825657
0.149345
-1.58687
-1.40072
0.0178775
-0.592839
0.109594
-0.692418
0.494361
-0.099215
-0.872623
-0.89001
0.0307282
0.388671
-1.77985
0.0653338
-0.390098
-0.920858
-1.17205
-1.1476
-0.165024
-0.0621181
-0.40803
-0.208907
-0.789127
-1.42069
-0.918826
-0.915463
-1.96859
-0.956268
-0.821456
-0.454298
0.343256
-0.974174
-1.26482
-1.28728
-1.02559
-0.202512
-1.78539
-0.512382
-0.481261
0.825741
0.721181
-1.17073
0.0323413
-1.20102
-1.2136
-0.640281
-0.460272
-0.46905
-0.148061
-1.10799
-1.25822
-1.4928
0.109418
0.155895
-0.37498
-0.679564
0.459453
-1.05378
-1.0939
-0.234782
0.514436
-0.281544
-0.585775
-2.40666
-0.297768
-0.544443
-1.35664
-2.35934
-0.348636
1.14883
-0.827139
-0.424538
0.0392055
-0.686946
-1.25108
