0.635528
0.118334
0.95944
-0.831544
-0.464403
-0.621257
0.641675
1.21059
0.735553
0.355033
1.3256
2.0443
-0.412097
0.318257
0.972941
0.229508
-0.648514
0.665557
0.31712
0.419648
-0.130405
1.88879
1.32703
0.717989
0.879895
-0.382087
1.00872
0.738224
0.264933
0.375312
0.496527
0.34661
0.144647
-0.866991
0.344845
0.660135
1.45158
0.693686
0.386097
0.656244
-0.104819
-0.963959
0.182043
0.731998
1.18186
0.217689
0.920477
0.643634
-1.07491
0.500059
1.21263
1.13527
-0.171183
0.710533
0.524644
1.25343
0.897133
-0.054228
0.12341
0.540429
-0.0317151
1.38845
0.854742
0.391025
-0.692608
0.334094
0.755533
0.555536
0.126691
0.080207
0.367041
0.52989
0.027808
0.524447
-0.324998
1.28056
1.17055
0.0478786
0.536428
0.935111
0.224502
-0.28524
-0.155741
-0.959223
0.116366
-0.95931
0.747343
1.39434
0.650264
0.154834
0.0469701
0.683841
0.417343
1.8907
1.19162
0.979624
0.952517
1.52763
0.687922
0.494609
