4.42209
4.95983
5.12615
4.84744
5.09256
4.53501
4.48411
4.74638
4.80532
4.70358
4.8165
5.32176
4.5681
4.52942
4.74479
4.819
4.60016
4.58318
5.24587
4.54507
5.24314
4.46654
4.74634
4.67532
4.1413
4.86646
5.03884
5.28876
5.31952
5.59131
4.78305
5.07966
5.18167
4.95892
4.84888
4.7887
4.50663
4.59959
4.4146
4.47958
4.60919
4.50847
4.92377
4.49598
4.35409
5.28608
4.68499
5.06816
4.76681
4.86275
3.83463
5.29275
4.49817
4.57688
4.33441
4.69369
4.63618
4.64082
4.28016
4.64699
4.70683
4.37028
5.02753
4.62859
5.07467
5.01303
4.77056
4.34353
4.08682
4.73782
4.47361
4.57645
4.45521
4.68706
5.19025
4.73131
4.5698
4.46213
4.32093
5.03309
4.38984
4.02571
4.92624
4.63229
4.52384
4.63581
4.53628
4.57085
4.98118
5.11684
4.36936
4.47558
4.70142
4.25704
4.83422
4.6865
4.57777
4.46915
5.20214
5.36416
4.54945
5.06488
4.96106
5.14253
4.86415
5.26496
4.85335
4.9931
4.81356
4.72091
5.4068
4.96944
5.1408
5.06049
4.14793
4.82042
4.47259
4.51017
4.76009
4.77786
4.73262
4.94347
5.36411
5.25121
4.55577
4.83084
5.42714
4.4951
3.88038
4.35607
4.94584
4.56908
4.54682
4.52413
4.83939
5.22989
4.84096
5.20915
4.64761
4.72245
5.20601
4.82206
4.64135
4.94784
5.01652
5.27542
5.06564
5.00158
4.76505
4.64311
4.94051
5.019
4.83697
5.30075
4.97388
4.79298
4.57893
4.7144
4.79721
4.43489
4.78119
4.68992
4.62698
4.2978
4.39444
5.14359
4.35897
4.44755
4.477
4.68609
5.18447
4.56429
4.4793
4.67111
5.31453
5.20411
4.67622
5.33939
5.70454
4.42048
4.84293
4.2317
4.88409
5.30401
5.14829
5.2469
4.74653
4.44707
4.92294
5.46087
5.03748
4.94612
4.56057
5.32214
4.56928
4.1378
4.79494
4.43069
5.58145
5.48035
