0.0241025
1.62231
0.713051
0.631967
0.20733
0.245701
0.719929
1.37111
-0.579928
-1.44309
0.766579
0.692622
-0.0702264
-0.203111
0.676265
-0.20562
-0.332294
-0.27384
0.953624
0.509127
0.037861
2.37684
-0.024878
1.14358
0.367147
1.90655
0.442723
0.496789
-0.166368
0.697631
0.228765
-0.135275
0.543455
0.143217
0.316293
-0.421003
0.909024
0.103222
1.54012
0.655125
-0.0910139
1.14232
0.280857
-0.717742
0.199344
0.462515
-1.3099
0.696266
0.425846
-0.303925
0.182737
0.319272
1.16029
1.32902
0.105713
-0.364092
0.800311
0.337927
1.46679
-0.459731
-0.115067
0.631296
0.674599
0.647503
-0.242522
0.353435
0.78272
2.26932
0.585525
1.22379
-0.382515
0.398104
0.625834
1.64515
-0.0437651
0.754046
0.451323
0.71461
-0.429223
1.2786
-0.0375361
0.764143
1.4789
0.818876
0.375281
0.130289
-0.00498661
1.17193
0.385435
-0.0744796
0.654578
1.17143
0.856071
-0.51781
0.330186
-0.505714
0.423189
-0.217185
0.0553959
-0.322009
