4.61493
5.01765
4.33299
5.37224
4.22857
5.19943
4.73674
4.53333
5.41827
5.01331
4.58556
5.43085
5.07661
4.77643
5.03671
4.78418
4.93679
4.33631
4.40665
5.0736
5.00608
4.48599
5.25562
5.44985
5.28898
4.42991
5.00667
5.29287
4.92243
4.59558
4.96739
5.66994
4.95984
5.5427
4.62498
4.89317
4.51875
5.4777
4.60408
4.90308
4.5981
5.23311
4.38985
4.55905
4.12215
5.16341
5.81186
4.77667
5.43871
5.20809
4.50728
4.32191
4.59679
4.79282
4.82844
4.6325
4.75603
4.81689
3.4476
4.23857
4.63748
5.09808
5.72369
5.01351
4.3795
5.31273
4.6178
5.22421
5.01823
5.29997
4.85432
4.93443
4.0027
5.76544
5.70022
4.09591
4.36898
5.63273
4.53107
4.99159
5.57898
5.02508
4.64407
4.55513
5.29083
4.09101
4.24728
5.25203
4.84983
4.4197
5.16132
4.8451
4.4655
4.17297
4.8846
4.29167
4.76319
4.82544
4.3095
4.50099
