5.10382
5.04216
5.49968
5.56839
5.32901
5.23921
4.94523
4.83959
5.01111
4.85055
5.25487
5.32645
5.80278
5.18892
5.2158
5.39954
5.51979
5.24956
5.34365
5.73443
5.27346
5.20139
5.33049
5.66359
5.89363
5.58655
5.07374
5.05676
5.0175
5.04679
5.43098
4.90394
5.57165
5.13763
5.18369
5.56978
5.18157
5.0093
5.34373
5.09517
5.31487
5.27701
4.84799
5.39771
5.30675
4.63967
5.27469
5.33209
5.4233
5.0114
5.07498
5.45075
5.69277
5.00751
5.47965
5.46862
5.00699
5.25342
4.74397
5.24225
4.79284
5.59207
5.16698
5.20076
5.19068
5.16254
5.36033
4.94838
5.23927
5.45574
4.58271
5.77661
4.90183
5.87041
5.06487
5.05816
5.75617
5.27135
5.4571
5.37579
5.44756
5.30882
5.18898
4.8812
5.48905
5.54987
4.96526
5.34083
5.16413
5.17244
5.26666
5.49125
5.08563
5.81013
5.0094
4.80358
4.88534
5.34327
5.38295
5.2915
