-0.183615
-0.340443
-0.520429
0.323749
0.54412
0.311987
0.765792
-0.255454
0.665388
0.319416
1.88105
-0.00302811
0.625547
-0.157012
-0.0973308
-0.203092
0.376299
0.157238
0.189305
0.874561
-0.237797
0.29759
-0.475219
0.234273
0.551026
0.912533
1.2435
0.642178
0.473582
0.137556
-0.572771
0.481683
-0.398659
0.0540572
-0.235109
-0.774577
0.16002
0.499636
0.248845
0.0834168
0.439185
0.389747
1.3047
1.2386
0.308506
0.304826
0.899052
-0.498659
0.77557
-0.83339
-0.147596
0.126317
-0.0238134
1.1463
0.048961
-0.259196
-0.0131241
1.50208
0.357458
0.490396
1.03596
1.74369
-0.200351
0.239835
-1.14947
0.197174
0.47571
-0.135391
0.241378
1.07062
-0.388682
1.63851
-0.317382
-1.22045
0.583348
-0.0416089
0.0967672
0.205884
0.0743005
0.657786
1.16046
0.0281993
0.946191
0.444
0.772043
-0.246315
0.652202
0.364265
1.66673
1.0822
1.47108
1.44842
1.23853
0.910834
0.789991
0.416877
0.497109
1.0939
1.00701
1.26673
0.520158
0.678329
0.264808
0.302173
0.560255
0.771607
-0.961391
0.331627
0.312122
2.68399e-05
0.321248
0.714408
-0.22986
0.259256
0.63363
1.06638
0.72691
0.932642
0.645854
0.356543
1.01931
0.308604
0.800187
0.753922
1.44507
0.459729
0.540862
1.14571
0.599997
0.259013
-0.234265
-0.624068
0.750632
0.443126
1.5143
-0.0954944
0.0245507
0.704418
0.781255
-0.0830939
0.664766
0.572377
1.50523
-0.524251
1.30158
1.74149
-0.452549
0.606883
0.833645
0.582977
0.84462
0.802269
0.151301
0.386779
1.17148
-0.133912
0.734105
0.439953
-0.34117
-0.0582748
0.794161
-0.250154
0.617394
0.332185
1.15127
-0.618714
0.152821
1.06691
0.867934
0.879392
-0.0588942
0.69436
-0.162303
-0.872403
1.68276
1.03343
0.211982
-0.0161202
0.054263
1.03655
-0.0317961
1.33923
0.495047
0.726519
0.047783
-0.351479
0.364477
-0.0756265
0.812336
-0.151125
-0.301323
0.558914
0.621756
0.405456
0.785274
0.457808
-0.249249
-0.166175
0.761133
0.0116343
1.49797
-0.0975459
0.906845
0.43139
0.520681
1.13737
0.625706
0.605177
0.46237
0.80466
0.541362
-0.292868
0.573177
0.940778
-0.274553
-0.336218
0.169769
-0.0358226
0.528439
0.583983
0.144973
1.16807
0.775498
0.0723959
0.549017
0.929488
-0.302164
0.521067
0.309546
0.247461
1.01268
1.40563
-0.108493
0.810908
0.639529
0.159715
0.686972
0.236855
0.339589
0.408937
0.457638
-0.477527
0.0256324
0.790787
-0.813523
0.239133
-0.406082
0.0406118
-0.018946
0.616093
0.300689
0.328945
0.413403
0.0125921
0.0541016
0.823931
0.339408
0.217828
0.186746
0.946284
1.34864
0.154225
0.579928
1.27439
-0.572597
0.235964
0.0435427
1.03906
0.763647
0.276852
0.0533671
0.37869
1.21888
0.334506
0.307559
0.581251
0.483295
0.432004
0.227889
0.469391
-0.071999
1.00909
1.22287
1.78029
0.0259676
-0.610774
-0.067825
0.327559
0.217218
0.937012
0.662859
0.0229415
0.853223
0.980913
0.00311638
-0.163396
1.59728
-0.180596
0.342615
0.195612
-0.621316
0.319322
1.17024
-0.638676
1.35596
1.50993
-0.131842
-0.560626
0.91778
0.994327
-0.689416
0.676793
-0.0522257
0.252777
-0.253123
1.36455
0.481998
0.439189
0.540364
0.301241
0.343412
-0.0779858
0.378331
1.21833
1.32662
0.557969
0.885424
0.426764
0.314965
1.09685
0.597787
1.04811
0.52081
0.696581
0.767248
0.63902
0.295597
-0.292163
0.529975
0.503778
0.502186
1.32165
0.497024
-0.232186
0.215752
-0.275947
0.756132
1.83391
0.994635
0.501864
0.396212
0.183141
0.0692683
0.455711
0.885163
0.753492
0.695448
0.205901
0.502546
-0.0494104
1.28719
0.74163
0.0894129
-0.0276128
0.0826385
-0.0259716
-0.588322
-0.197027
-0.0580771
0.273076
-0.621174
0.478233
0.199565
0.361234
0.482242
1.04031
0.409103
0.00955557
1.18159
0.656451
0.569711
0.252178
-0.237001
0.252367
0.248455
0.131932
0.71103
1.14895
0.969601
0.150668
0.0453232
0.0709399
1.09579
-0.0467174
0.624637
-0.0160908
0.285464
0.532852
0.249132
0.0765063
-0.354327
0.35708
1.1706
0.239428
0.435046
-0.280426
0.493152
0.109277
-0.559365
-0.161328
-0.451841
-0.227949
-0.0396458
0.380606
0.477779
-0.336002
0.0584638
-0.611927
-0.544593
-0.135396
1.13919
1.83734
0.295246
-1.03171
0.161935
0.585614
0.812706
-0.526259
0.390432
-0.0754468
0.577645
0.369247
1.37535
0.0405881
0.196418
1.34629
0.471856
-0.265798
0.570843
0.507936
0.756379
1.12423
0.647827
0.701283
0.225987
0.520306
0.482523
0.0828253
0.671047
0.915563
0.363238
0.967448
-0.553572
0.946076
-0.133465
1.20171
0.793528
0.0518724
-0.309967
0.204396
0.0546449
0.472341
0.710248
-0.0780869
0.706828
0.213781
-0.733331
0.340025
-0.757819
0.541005
-0.334164
-0.156467
0.979751
0.912555
0.0117625
0.462052
-0.580384
0.888002
0.86042
-0.304679
0.39199
0.603376
0.597396
1.32411
0.635412
0.690985
-0.0763605
0.214028
0.614766
0.612881
0.848603
0.0212648
0.511243
-0.778488
-0.590372
0.337779
0.807886
0.346421
1.11095
0.516328
0.349016
-0.0518445
0.67708
0.876818
0.457587
0.798256
-0.222394
-0.880947
-0.340446
1.66226
0.197034
0.26713
0.00795778
0.742179
0.28698
1.32314
0.594967
0.229436
0.043129
0.666101
0.911252
0.877885
-0.29582
0.373352
1.00293
-0.03612
0.0645955
0.776054
0.271267
0.635829
0.079831
-0.141711
-0.147854
0.19313
0.210295
-0.262143
0.685931
0.971945
0.481216
0.772633
0.0841296
0.338548
0.507757
0.147803
-0.275367
0.48112
1.09339
-0.153187
-0.595014
0.301909
0.425148
0.288556
-0.213262
0.117475
-0.291857
0.402882
0.383466
0.284209
0.15491
0.106251
0.580587
0.0679373
1.16484
0.764936
0.740821
0.0118293
0.994598
0.833027
0.602419
0.180465
0.291288
0.24264
0.414473
0.312528
0.0688441
-0.77552
0.197732
0.259995
-0.156034
0.446229
0.554078
0.543313
0.631184
0.815715
0.817847
0.0404652
0.521228
0.944217
0.0012174
-0.257958
0.563274
0.880778
0.250017
-0.060516
-0.475359
-0.258407
0.24892
-0.0621973
0.121171
0.775372
-0.036438
-0.151772
0.275127
0.600727
0.0266634
0.079088
1.03887
0.0798141
0.396333
0.460629
-0.897983
0.372346
-0.234651
0.367303
0.202868
0.027495
0.129708
0.609004
0.197378
1.37769
1.17018
0.271436
0.334584
0.419332
0.348986
1.36177
0.064847
0.536389
-0.570499
1.10449
1.72458
0.31815
0.261809
0.142033
0.379408
-0.198581
1.01906
0.224427
-0.500059
0.669224
0.916492
0.105813
0.696559
0.230859
-0.602273
1.01396
0.432291
0.186044
0.128055
-0.0608109
0.508102
1.34672
1.27838
0.0555033
-0.14767
0.279493
-0.0118906
0.800541
0.962989
1.79389
0.305168
0.280174
0.681725
0.380731
1.19746
1.16882
-0.730378
-0.3273
0.252905
-0.144209
1.11079
0.4085
0.343485
0.55861
0.309524
0.473265
0.790075
0.363467
0.0208243
0.901189
0.187003
0.612691
-0.111901
-0.775114
0.319143
-0.10826
0.301984
0.247029
-0.128854
-0.134442
0.628985
-0.108749
0.277375
0.538244
1.27412
1.12711
0.15562
0.608675
0.85452
-0.193263
-0.0579781
0.626133
0.833975
0.704806
1.04656
0.310896
1.28027
1.05321
0.438632
0.697702
0.304617
-1.1227
0.858009
0.836011
0.667851
0.723314
0.139248
1.06752
-0.226535
-0.752372
0.429689
0.634321
0.251209
0.941965
-0.429887
-0.315816
0.512747
0.449903
1.33466
0.553529
0.0415466
0.598031
0.920196
0.98832
-0.0420739
0.221023
-0.275767
0.268854
0.229387
-0.0580746
0.441583
-0.166605
0.492223
-0.599722
-0.700196
0.53753
0.748093
-0.241953
0.524646
-0.447282
0.534094
0.846805
-0.498923
0.827316
0.387143
-0.0149123
-0.473275
0.205858
0.726155
0.304483
0.948458
1.33775
1.51919
0.507435
0.996866
0.321314
1.6531
0.348964
1.34021
0.955496
0.603016
-0.212713
0.924957
-0.211682
-0.039981
0.49687
0.78827
0.172706
-0.232704
0.92653
0.192756
-0.126566
0.262233
0.654237
1.07143
-0.677798
0.0392799
0.839986
0.332061
0.467625
0.385618
0.640585
0.356049
0.85237
0.419575
0.542567
-1.16751
-0.981287
0.324258
0.239788
0.134626
0.00491143
1.37702
1.04263
0.412134
0.495467
1.32826
-0.198021
1.1581
-0.495848
0.384273
1.14485
0.250307
0.0286609
0.368976
1.56687
-0.508323
-0.571844
0.42765
0.238962
0.552987
0.218961
-0.311866
0.245916
0.19135
0.720637
0.164197
0.319095
-0.0192381
1.22359
0.300458
0.915917
0.192735
-0.218145
0.526685
-0.175459
0.486809
1.59578
0.451806
-0.275867
-0.0424705
1.02144
0.831063
0.690083
0.352331
-0.286557
0.684431
0.326232
0.567343
-0.0406764
-1.26731
0.805977
0.934507
0.423135
1.1981
0.317434
0.0550031
0.44893
0.514509
0.297237
1.19816
-0.557688
-0.208927
0.120055
0.630372
0.860133
0.532001
0.328393
0.245482
-0.0357417
0.436779
0.0555343
-0.0672683
1.25819
0.621837
0.219105
0.594519
0.872505
0.808621
0.620647
0.935941
-0.0496698
1.08941
0.436123
1.17317
0.123392
0.0250049
0.82113
-0.262055
0.816962
0.564892
0.930776
-0.280313
0.680637
0.407514
0.25586
0.339789
0.179948
0.857245
-0.000335891
1.43391
0.041335
-0.392997
0.804926
-0.199196
-0.136882
0.0905473
0.749309
0.0935493
0.478994
0.771708
0.312799
-0.280451
0.172031
-0.534706
0.123696
1.7093
0.0166996
0.395475
0.254517
0.639967
0.102491
0.61271
0.786643
0.747551
1.39144
0.819457
0.032103
0.614542
0.721624
1.69432
0.606703
0.539098
-0.0391184
0.617075
0.305086
0.563335
1.007
-0.349452
1.30164
-0.0672677
0.201619
0.909416
0.844369
-0.841708
0.714843
1.37528
0.670499
0.734182
0.84498
0.467869
-0.60349
0.330232
-0.153904
1.06564
0.50009
0.148225
0.213119
0.306691
0.655271
-0.1528
0.357051
1.1676
0.747823
0.346991
0.944061
-0.4673
-0.220967
1.04841
1.82361
0.523724
-0.441693
0.318987
0.617792
0.521632
1.14536
-0.303743
-0.221224
0.170939
-0.0734986
0.499526
0.135122
-0.940984
-0.0747399
1.04712
0.765083
-0.319525
0.534561
0.291703
0.664777
0.545687
0.273796
-0.301606
-0.519352
0.541002
1.28688
-0.315002
0.0189504
1.14914
-0.747139
