4.55421
4.8324
4.97935
4.39308
5.08242
4.98798
4.83407
4.64665
4.79798
4.62069
4.28234
4.08498
4.54981
4.72305
4.83555
4.62351
4.64685
4.36801
5.12783
5.39381
4.68607
4.95697
5.01613
4.54904
4.12558
4.82406
4.92442
5.18631
5.04943
4.43324
4.79964
5.30978
4.97697
4.94253
4.63896
4.44449
4.63013
3.96702
4.24082
5.18903
5.08364
4.64705
4.67818
4.25217
4.97422
4.57012
5.10364
4.01364
4.60037
4.54912
5.04421
4.78365
4.37575
5.11406
4.87704
5.221
4.31696
4.94817
5.41943
5.16519
5.17441
5.36423
5.25197
5.08524
4.8883
4.8558
4.35933
4.67345
5.10868
4.89547
5.64052
4.47191
5.0375
4.97522
4.59721
4.30392
4.49812
4.6925
4.95374
4.47985
4.59239
4.56657
5.10188
5.52559
5.22266
4.51791
4.92536
4.90347
5.34532
4.52875
5.07518
4.05977
5.07391
4.85624
4.54049
5.24743
4.99508
4.11599
5.52058
4.75759
