0.65561
-0.215187
-0.339123
0.539916
-0.628257
0.425647
-1.01488
-0.526311
-0.01672
-0.317285
0.588386
-0.179779
-0.504273
-0.330205
-0.145456
-0.462207
0.538141
0.249157
-0.102054
-0.68896
0.183634
-0.349725
-0.263458
-0.728825
-0.455473
-0.806548
-0.147328
-0.0963799
-0.568725
0.24103
-0.227335
-0.139327
-0.505244
0.0269429
-1.07216
0.610151
0.331963
0.751188
0.848251
0.279634
-0.116442
0.203115
-0.325927
-0.290864
0.283599
0.17661
0.128009
0.0691806
-1.1476
-0.662673
-0.105052
0.298759
0.589347
0.0409555
-0.263818
0.911608
0.898004
-0.242186
0.502671
-0.429524
-0.117829
-0.349824
-0.419578
-0.829443
1.14099
-0.0225175
0.87161
0.340477
-0.617443
-0.0768695
0.684832
-0.0508908
-0.0782545
-0.0873316
-0.0966241
0.0506004
-0.236397
-0.774616
-0.291125
0.292421
-0.0690239
0.607769
-0.201894
0.205839
0.346491
-0.346003
0.407487
0.260233
0.89999
-0.787849
-0.378577
-0.362374
-0.379302
-0.0137015
-0.808302
-0.556738
-0.217865
0.150167
-0.037166
1.1288
-0.227658
-0.269319
-0.305851
0.372102
-0.0710222
0.139607
0.555563
0.196833
-0.0666688
0.0735697
-0.333369
0.288913
0.114448
-0.0727671
-0.100576
-0.100119
-1.23933
0.95878
-0.0805415
-0.25291
-0.718228
-0.350895
-0.12897
0.274556
0.336784
-0.00825498
-0.0509363
-0.239696
-1.07777
-0.291963
0.480556
0.417612
-0.0601574
0.400336
-0.538379
0.244359
-0.259797
-0.12328
0.39224
-0.0625731
0.218572
-0.450486
-0.310998
0.952991
0.647269
0.120384
0.544863
-0.452334
0.725646
0.169157
0.0921129
0.0247577
-0.52275
-0.672706
0.950143
0.799058
-0.2672
-0.363407
-1.25594
-0.621947
-0.718406
-0.422979
-0.401885
0.41792
-0.0373693
0.249031
1.02602
0.142735
-0.211658
-0.348867
-0.185012
1.04124
-0.672011
0.378369
0.105334
-1.05295
0.348121
-0.322032
0.368101
-0.236747
-0.585008
0.696228
1.10636
1.02387
-0.837826
-0.151093
-0.262802
-0.323805
-0.318378
-0.184439
0.156746
0.26326
1.54915
-0.202315
0.261429
0.491445
-0.170238
-0.467956
-0.165795
0.0959222
0.820182
0.0596753
-0.48474
-0.496195
0.304413
-0.0928102
-0.376973
1.05616
-0.660115
-0.148636
-0.106283
0.488173
-0.178389
0.378035
0.637756
-0.0890968
0.197961
0.152377
0.15739
-0.0660087
-0.662759
0.32395
0.445535
-0.379507
0.79102
0.182181
0.0656045
-0.623587
-0.582496
0.638437
-0.137911
0.472027
-0.246371
-0.404878
-0.460734
-0.362496
0.141432
-0.346053
-0.304811
0.390122
0.566558
-0.0305326
-0.659327
-0.640533
-0.200349
-0.189031
-0.426409
-0.00104873
-0.154921
-0.267656
-0.66392
-0.274614
0.513714
0.453074
-0.425063
0.175163
0.707285
0.221159
0.714429
-0.376325
-0.640899
0.0469463
0.0960428
-0.881108
-0.0144956
0.709694
-1.07853
0.113103
0.0478756
-0.280237
0.146002
0.126084
0.625464
-0.258858
-0.498773
-0.896842
0.201241
-0.289264
-0.0872094
-0.142887
-0.283087
1.41394
-0.349783
-0.925919
-0.719224
0.522017
0.172133
0.519818
0.501305
-0.0210635
1.21499
-0.059716
0.371384
0.390956
0.11286
0.433165
0.798703
-0.796129
0.86393
-0.104512
0.414147
0.809908
1.31176
-0.349442
0.229164
0.803035
-0.0255462
0.265456
0.514102
-0.525078
0.627113
-0.792951
-0.179679
-0.798023
0.266344
-1.06024
0.00538734
0.0169302
0.139287
-0.269229
0.514498
1.39323
0.473664
0.144265
0.719163
-0.44989
-0.254901
0.723507
0.224347
-0.0191258
0.271367
-0.0184587
-0.371256
-0.0411569
-0.615442
-0.127755
-0.263214
-0.620749
0.409351
-0.498665
-0.226143
-0.213192
-0.752055
-0.485462
0.0386502
-0.422427
-0.263939
0.530765
-0.18677
0.16605
0.11071
-0.0991516
0.577337
-0.391111
-0.30857
0.505934
0.0932367
0.725183
-0.57131
0.672307
0.435829
-0.818362
-0.613861
1.0148
-0.190502
0.618879
-0.962927
-0.737192
0.119511
1.57297
-0.325254
0.542371
0.199578
0.207012
1.88959
-0.61826
0.210132
0.655025
-1.10251
-0.44233
0.169207
0.599787
0.108265
0.182047
0.729654
0.149783
0.918252
0.0156096
0.454195
0.615629
-0.487435
0.0300386
0.594237
-0.75808
0.351469
-0.551301
-0.11435
0.128146
0.189782
-0.354716
0.707332
0.476243
-0.186027
-0.136286
0.0898054
-0.338543
0.4428
0.759587
1.02067
-0.0223807
0.0242294
-0.165785
-0.807975
0.384756
0.691023
-0.166548
-0.559248
0.558716
-0.817609
0.823656
0.0123082
-0.562358
0.0041532
0.233611
0.356222
-0.0369895
0.65753
-0.185336
-0.0257064
0.333908
0.840109
-0.0134898
0.470963
-0.461455
-0.316787
0.343435
0.00586936
-0.642375
0.299227
-0.564232
-0.340807
0.344317
-1.07505
-0.589213
-0.192428
-0.154547
0.949554
-0.40225
0.0132119
0.413493
0.132436
0.0660966
0.092599
0.650657
-0.0658947
-0.0615512
-0.64547
-0.259671
0.0948047
0.0696062
-0.625509
-0.245557
-0.623244
0.575214
0.424948
0.0849958
-0.140962
1.18685
0.132548
-0.631153
0.0664062
0.896456
0.069129
-0.459749
-0.191158
-0.955691
-0.553621
0.110451
-0.128534
-0.948127
0.229484
0.0738843
0.529341
0.529476
-0.385322
-0.319385
-0.115728
0.22836
0.147291
-0.133066
-0.244967
0.135589
1.21597
0.965994
-0.094091
-0.100627
-0.175439
0.317321
0.0742508
0.965479
0.191521
0.203545
0.204847
0.449096
-0.604051
0.714974
0.395821
-0.509278
-0.311712
0.0486853
-0.275596
0.380846
-0.133569
0.615419
-0.560007
-0.0783676
-0.160262
0.18651
-0.733468
0.257585
0.447539
0.729673
0.276619
0.222585
-0.079843
0.43999
0.367401
-0.0917595
-0.111105
-0.279091
0.135952
0.0575293
0.546112
-1.06744
-0.50304
-0.35048
-0.434746
1.29671
-0.125404
0.208731
0.00601573
0.333916
0.655926
0.0527242
-0.310248
-0.217273
-0.576465
0.203036
-0.726522
-0.00572102
-1.07017
-0.643878
0.336705
0.24788
0.974725
0.560113
0.0558385
-0.44685
0.46977
0.420235
-1.12406
-0.318796
-0.631831
0.168178
0.740064
0.151618
-0.179606
-0.541124
-0.223069
1.15017
-0.499972
-0.637179
0.652335
-0.0777504
-0.339363
-0.0424949
-0.111801
0.403233
0.848541
-1.02929
0.288468
0.311999
-0.0200766
0.618775
-0.485579
0.548273
0.154498
-0.256731
-0.289027
0.346201
-0.0418496
-0.0667313
0.658397
-0.75936
-0.687338
-0.0368286
-0.496152
0.209044
0.192613
-0.58342
0.787669
-0.0298034
-0.37998
0.438385
-0.899003
0.822697
0.136858
0.209331
-0.313385
-0.538366
-0.183426
0.345174
1.35164
-0.252203
1.03617
1.20341
0.0539516
-0.463296
-0.468666
0.7774
-1.10727
0.34037
0.116162
0.089476
-0.352078
0.382372
-0.520203
0.320472
-0.506126
-0.892374
0.867253
0.00340189
-0.888955
0.780387
0.321782
-0.53879
-0.0676425
0.771638
-0.64091
0.836259
-0.343803
0.191341
0.428347
-0.260116
-0.580793
-0.76701
-0.138197
-0.278135
0.440698
-1.12705
-0.569708
-0.15888
0.777671
0.343574
0.38015
0.16116
-0.342549
-1.0682
1.00265
-0.452619
0.484973
0.0203718
-0.109277
-0.119447
-1.06315
-0.843883
-0.363134
-0.0946311
-0.130942
0.436031
-0.268881
0.0456586
0.245442
-0.678561
-0.0157464
-0.320701
-0.681867
-0.924038
-0.324219
0.353341
-0.411069
0.589952
0.271719
-0.0947225
0.0446531
-0.132342
0.345918
0.344397
0.472519
0.979328
0.120541
0.148976
1.24364
-0.711199
-0.270194
0.198881
0.369717
-0.652565
0.134847
0.0201702
0.477788
0.0437533
-0.505712
-0.395089
-0.314079
0.0418039
-0.733416
0.68242
-0.680991
0.674409
-0.812118
0.070928
0.103353
0.218984
-0.66136
0.731203
0.250578
0.330781
-0.959096
0.153305
-0.64436
-0.606399
0.106526
-0.22426
0.704398
0.213877
0.223116
0.10789
1.23065
0.179183
-0.46976
-0.225275
0.390142
0.891488
1.05867
-7.3882e-06
-0.855174
0.356032
0.565628
0.03849
0.203409
1.58044
-0.604386
0.495168
-0.390233
-0.0527647
0.443226
-0.334592
1.17777
0.320137
-0.251291
-0.196031
0.0437162
0.430265
0.36903
-0.173692
-0.161813
0.53106
0.697336
0.618792
0.908696
-0.249691
0.484299
-0.169807
0.241504
-0.704318
-0.535633
0.355996
0.216192
-0.186932
-0.710942
-0.198956
-0.377338
-0.702483
0.529038
0.694287
0.301912
-0.0370797
0.731627
0.0379784
0.485419
-0.236248
-0.0385301
-0.121039
0.276339
-0.00124364
-0.385417
-0.0487038
0.564793
0.563483
0.317613
-0.544097
-1.21101
0.0603999
-0.0539754
0.479647
-0.228563
-0.440569
0.822824
-0.737495
1.02345
-0.409005
-0.318721
1.0995
-1.02801
1.04186
-0.867561
0.146919
-0.275721
-0.408418
-0.6106
0.393904
-0.449985
0.204799
0.475611
-0.55933
0.28546
0.834099
-1.02895
-0.116972
0.000735535
-0.0887802
-0.258923
-0.548443
0.441931
-0.628451
0.392908
0.537472
-0.988652
-0.647496
-0.69414
-0.155179
-0.046223
-0.59589
-0.653856
0.453152
-0.456823
-1.3102
-0.429495
-0.387305
0.421797
0.0362972
-0.250033
-0.207943
0.575964
0.251024
-0.531904
-1.27567
1.22338
0.366004
-0.181305
-1.21692
0.873017
-0.296758
-0.427984
0.16056
0.831944
-0.13587
-0.638521
-1.22175
-0.65316
0.384296
-0.0609736
-0.551189
-0.0148217
-0.148952
-0.738229
0.208787
-0.991237
1.58603
-1.38263
-0.997405
0.600796
0.101596
0.992096
0.145474
1.17358
-0.970751
-0.505362
0.542796
-0.390781
0.257671
0.999902
0.642566
0.294016
0.38518
-0.457255
-0.386832
0.606787
-0.40016
-0.136546
1.24671
0.512382
-0.452708
-0.0532408
0.171036
0.172011
0.0353446
-1.0359
0.28841
0.712745
0.645025
0.870451
-0.478008
-0.89306
-0.70773
-0.536749
0.604874
-0.0579567
-0.0838451
0.164906
0.604262
0.789031
0.314495
0.41166
-0.519918
-0.0941456
0.611365
0.21774
0.470036
-0.979298
-0.298826
-0.157253
-0.222673
-0.0666271
0.185109
-0.465516
-0.338876
-0.351553
0.984749
-0.154909
0.147859
0.307046
-0.738285
-0.456898
0.543631
0.461728
-0.254214
-0.105262
-0.198559
-0.655359
-0.490917
0.823113
0.0727012
-1.24998
0.072635
0.813097
0.426301
-0.276952
0.582795
-0.252476
0.396889
-0.0199678
-0.486338
1.05424
0.489545
-0.201545
1.15448
-0.523884
-0.328812
-0.464919
-0.0372846
0.594141
0.261444
-0.000154898
-0.241367
-0.151808
0.696231
-0.366362
0.464226
-0.297164
-0.238871
-0.776234
-0.668724
0.201419
-1.07553
-0.76884
-0.0382598
-1.06159
0.48494
-0.121447
0.734767
-0.565
-0.50564
-1.49199
0.132776
-0.519156
-0.391767
0.377011
-0.26135
-0.120339
-0.559565
0.397648
0.516197
-0.269189
-0.395688
-0.481142
1.29901
1.25314
-0.629657
