-0.0661193
-0.285258
-0.296695
0.310996
0.340458
0.770793
-0.0857745
-0.0366465
0.413174
0.133149
-0.585096
-0.393561
0.257246
0.425748
0.18078
-0.136634
0.358154
0.372186
0.0547456
-0.0436229
-0.073353
0.0528396
0.215193
0.127434
-0.267725
-0.0220811
0.566149
0.577033
1.05327
-0.0183484
-0.321051
-0.0526451
-0.206968
0.678532
0.832083
0.0942714
0.612224
-0.369359
-0.00620227
-0.204956
-0.203242
0.00263739
-0.380411
0.00703127
-0.0643188
0.239596
0.356999
-0.0499409
-0.0592528
-0.576781
0.422929
0.0569684
-0.125403
0.188141
0.317755
0.237878
0.279735
-0.177717
0.12267
-0.376264
-0.0526075
0.348465
0.433247
0.0713873
-0.134822
0.239469
0.490104
-0.0194651
0.185616
-0.344712
0.342707
0.209473
0.456326
0.603314
-0.130594
0.351127
0.445737
-0.110489
0.587881
-0.375527
0.0638379
-0.139681
-0.206709
-0.0700059
0.210014
0.0218108
-0.488039
-0.0358935
0.0980335
0.364708
-0.242747
0.159032
-0.234514
-0.0377995
0.402283
-0.0520867
0.236643
0.191668
-0.0137675
0.238358
0.488121
0.494776
0.384447
0.612612
-0.194765
0.409129
-0.132041
0.655927
0.249202
0.281876
0.076931
-0.429071
0.233367
0.405104
0.344103
0.212239
0.285056
0.0819934
0.03839
-0.133764
-0.134636
-0.106876
-0.023093
-0.00231625
-0.0494298
0.920625
-0.48707
0.330395
-0.00594227
-0.388483
-0.0274761
0.234355
0.317668
0.127242
-0.0872382
0.361709
-0.313334
-0.590897
0.149319
-0.0680644
-0.10329
0.430748
0.218969
0.605467
0.086725
0.338547
0.266378
0.504922
-0.493229
0.0609623
0.248804
0.141387
0.762386
-0.405527
-0.190837
0.14674
-0.00639842
0.475114
0.460823
0.041388
-0.00259973
0.4566
0.248777
0.0503952
0.0521548
0.44898
0.105771
0.00484664
0.607126
0.0446858
0.260513
0.206286
-0.196616
-0.0654307
0.23674
0.72898
0.244717
0.0627799
0.230457
0.0469845
0.457485
0.281902
0.884263
-0.191618
0.288632
-0.0765263
0.0763551
0.207169
0.0284979
0.149675
-0.230443
0.0819006
-0.0270904
0.0330267
0.815472
-0.41611
-0.394064
-0.148664
0.00686829
0.240897
