1.15357
1.02705
-0.0659203
1.38318
0.565505
1.75399
1.92495
1.26803
0.89543
1.79766
1.77687
0.354467
0.357902
0.940366
1.37079
1.12153
1.45977
1.19223
1.25343
1.53712
1.29623
1.50185
2.10221
1.31026
1.19406
1.62419
1.29422
2.38794
1.45225
2.14417
1.30445
1.36306
0.791503
2.01212
1.01851
1.6851
1.49232
1.89934
0.678532
0.889288
1.47633
0.904412
0.69896
1.05147
1.34165
1.96069
1.55466
0.91739
1.82194
0.881964
2.02852
1.15519
1.81081
2.18026
1.78442
1.93254
2.00453
1.56403
0.965343
1.2943
1.20271
0.489387
2.26051
-0.0928943
0.543912
2.07488
2.00326
0.720347
0.813262
1.29096
1.15659
2.12558
1.2685
2.21431
2.03169
1.55613
1.22514
2.10323
0.879782
1.12973
1.64245
1.30029
-0.0605741
1.08537
0.248199
1.75307
1.58922
1.26976
2.32215
1.68065
2.18322
1.01311
1.43886
2.2821
2.13449
0.942172
1.44709
2.16121
1.60982
2.80739
1.6323
1.78897
1.38867
2.16903
1.2618
1.60516
1.23193
1.16563
1.32291
0.889122
1.59456
1.55954
1.53534
1.61528
-0.000229815
1.33601
1.62268
1.6449
1.29129
1.42675
0.644759
1.98666
0.678914
1.7484
0.977827
2.29862
1.59905
0.581717
0.859991
1.26478
2.15736
0.622495
1.81824
1.70014
0.619352
0.946842
1.1192
1.2339
0.777343
1.10367
1.33622
2.33898
1.27092
1.59603
0.788367
0.775974
1.26448
1.60421
0.245704
1.17839
1.11605
0.582669
1.66764
0.890712
0.541797
2.50262
1.21501
1.39014
0.727879
0.975741
1.3793
0.356588
1.12759
0.924114
0.714507
1.87374
1.95965
1.71734
1.30397
1.02937
1.32752
1.2487
1.10835
1.17535
1.56506
1.91136
0.718291
0.895706
1.43124
0.628245
1.28053
1.52916
2.31111
1.74705
0.855403
1.37989
0.850911
2.18682
1.78133
0.884159
0.839293
1.16625
1.77132
1.18956
2.21163
1.39632
2.1619
1.26931
1.4068
1.97129
0.417768
1.23093
1.43713
0.858097
2.06462
1.68384
0.530983
2.10388
1.19348
0.512058
1.82513
1.23892
1.13789
0.669417
1.67747
-0.0652757
1.0848
0.367466
1.45856
1.22302
1.70602
1.38608
1.98875
-0.307783
1.00834
1.53554
0.99921
0.805031
1.53331
1.73053
1.03771
1.68947
2.02055
1.35661
1.01153
1.64436
1.08239
0.740413
2.15156
1.44872
2.39638
1.06334
1.17875
1.43951
1.93453
1.40722
1.07363
1.38366
1.57201
1.42853
2.09475
0.659459
1.94771
2.44898
0.681069
1.41745
1.69921
1.58606
0.734772
0.434273
0.693058
1.6881
1.22876
1.00245
1.14349
1.30501
1.41029
2.77821
0.975648
1.31062
1.64934
1.10562
2.37201
2.27013
1.10046
1.52293
0.95717
1.91704
2.26261
1.37126
2.11113
0.85458
0.892057
0.624453
1.57079
1.50514
1.89692
1.19288
1.1769
1.98716
1.81332
0.882722
1.93979
1.3408
0.44836
0.395101
2.42281
1.48588
2.16669
2.21799
1.67356
1.61693
1.16139
1.39526
1.57574
2.41482
0.652955
0.82617
1.18315
1.46542
0.799937
0.87795
2.49617
1.21856
0.934519
0.615771
0.030539
1.1244
1.27484
2.35955
2.22547
1.88665
0.941749
1.24734
0.993081
-0.366804
1.37096
1.56352
1.53264
0.616689
1.09699
1.06243
1.55662
1.29357
1.70496
1.05278
1.48671
0.709398
2.31817
1.20886
1.45043
1.52083
1.51725
0.557171
1.63937
0.995769
-0.0971499
1.19692
0.589556
1.31928
2.32864
0.927947
0.952092
1.58624
0.974916
0.164112
2.16671
1.70919
0.617321
1.19079
1.38297
0.610893
1.94174
0.637624
0.524252
1.27553
1.91051
1.432
1.13534
1.65236
0.495428
1.3459
2.81653
1.62985
0.893419
2.2544
1.44064
0.837108
1.4834
1.88399
0.73768
1.641
1.73662
0.742314
2.48107
0.474117
1.06682
0.844816
0.695825
1.22546
1.70834
1.82006
0.518376
1.1563
1.05282
1.24154
1.76779
1.27897
1.49409
1.84956
1.69074
0.807608
1.16794
0.210242
1.41096
1.57143
1.88809
1.50618
1.34604
1.42291
1.70931
2.31639
1.50088
1.69188
0.957254
2.94363
0.4829
1.26357
0.968133
0.809568
0.753058
1.75011
1.83584
1.78369
1.403
0.82503
0.833129
1.60134
1.36895
1.56324
1.78874
1.12521
1.51618
1.02858
1.18036
1.23845
1.2469
1.32786
1.73406
0.904268
1.84881
0.314248
1.95347
2.12412
1.9621
2.5675
1.22776
1.28746
2.17071
1.56156
1.37157
1.63485
1.2887
2.02796
0.999275
1.96554
1.08131
1.67808
0.878325
1.68284
0.75471
1.80844
1.20426
1.17986
2.0456
1.56544
0.823792
2.54103
1.18692
0.64183
1.45256
0.733512
1.47658
1.07301
1.62876
1.42321
0.590918
0.6601
1.07912
1.29451
1.44923
1.82447
0.331702
1.30847
1.40597
1.52787
0.951911
1.187
0.165958
1.24872
0.854329
1.72847
0.939106
1.24308
1.82054
1.53988
0.975575
1.27247
1.58373
2.21223
2.03157
1.27081
0.79836
0.859394
1.19254
1.31034
1.56503
1.6232
0.910956
2.20284
1.44872
1.22837
1.74411
1.7281
1.90809
2.28957
1.07926
0.887143
1.62369
1.66445
0.139429
1.33325
1.01594
1.45474
1.53994
0.273452
1.25771
1.3187
1.1654
1.2434
0.994298
0.767964
1.51194
0.42366
0.649575
0.788883
1.38249
1.3461
1.73817
0.522669
0.859773
1.25214
1.56877
0.956078
1.03598
0.678165
2.11626
1.03189
1.70039
0.838996
1.12386
1.34579
0.974873
2.11329
1.23884
2.57521
0.666298
0.53276
1.66491
1.97067
1.21816
1.74042
2.04913
2.11332
0.95799
0.2859
1.82053
0.923866
1.8878
1.91584
1.71168
0.706818
1.2442
1.54202
1.62092
0.936573
2.06456
1.016
1.38912
0.71073
1.95245
0.922765
1.51171
0.853706
0.72409
1.68052
1.36914
1.5819
1.03407
2.33771
1.9519
2.13711
1.80663
1.21863
1.20996
1.85557
1.86978
1.45499
1.41227
1.03943
1.16599
1.4835
2.20884
1.38453
1.81078
1.08657
1.62734
0.621339
1.52976
1.61558
1.05245
1.52003
0.823976
1.41137
2.80201
1.60497
1.06249
0.276722
0.210887
1.40108
1.01706
0.975122
0.317449
0.983764
0.527824
1.2938
1.36865
1.01859
0.554613
2.1542
1.77889
0.866337
1.68863
1.24374
0.756729
1.27673
0.9993
0.761448
2.15384
0.912341
0.896887
0.924324
1.68328
1.48519
0.902007
1.12789
1.0931
0.738186
0.994031
1.66536
1.38506
1.72606
1.24046
1.11984
0.732702
0.551107
0.59038
1.45699
1.39642
2.13367
1.00739
0.612345
0.795468
2.21752
1.16045
1.19874
1.26917
0.32873
2.08106
1.42845
1.45896
0.776407
1.85643
1.21652
1.41093
0.919274
1.91349
1.37594
0.945503
1.54251
1.13748
1.1973
0.313118
1.67837
0.637171
0.939489
1.26733
0.991506
1.73461
1.51742
1.72329
1.26684
1.43226
0.620675
1.53443
1.42236
1.55126
1.00404
0.849647
1.11762
0.995359
2.06535
0.951941
2.08492
0.870582
1.03597
0.797137
0.715118
1.30822
1.3381
0.74125
1.62498
2.48057
1.8602
1.65346
1.08971
1.5686
1.76805
0.481405
0.6324
1.20886
2.04893
1.10982
0.733972
0.661882
1.8923
0.163978
1.48435
1.52449
1.38981
0.753298
0.29264
1.55158
1.2745
2.36786
1.08799
0.949374
1.44292
-0.101489
1.52855
1.91676
0.986306
1.63173
1.21874
2.5848
1.85578
0.479933
0.896537
0.797701
1.11847
1.82547
3.0048
1.127
1.02942
0.361386
1.56537
0.929271
1.58902
2.0757
0.858651
1.18789
1.06135
1.55967
1.5148
1.14571
1.85226
1.63194
1.92071
0.289259
1.50921
0.84555
1.09438
0.883279
2.13634
1.13344
2.41903
1.19322
1.87338
1.16504
1.00634
2.65282
1.72138
1.64388
1.51761
1.59402
2.06945
1.44577
1.9123
1.18331
2.19342
1.59666
2.04387
-0.403481
1.12105
2.84864
1.1581
1.50273
1.95975
0.872657
1.7488
0.687365
2.12551
1.19681
0.29675
1.56352
1.46756
1.31627
2.18027
1.81016
2.27811
1.31264
1.81545
0.894395
1.65438
1.5241
1.5676
1.92206
0.742426
1.31906
1.32917
1.74644
1.15417
1.22577
1.36675
1.99025
2.20856
1.52423
2.40229
1.94474
1.43822
1.31535
1.90617
1.10133
1.32843
1.0338
0.59244
1.64865
1.43245
0.631974
1.903
1.44156
1.60086
0.844452
2.30247
0.986236
0.972882
2.19113
1.32002
1.3678
1.38717
2.01438
0.549691
1.42822
2.0003
3.14352
2.27486
1.51727
0.528487
1.096
0.722859
1.97294
0.986011
2.55433
2.08063
1.16238
1.7635
0.734744
0.921338
1.78484
1.76314
0.479544
1.83221
1.43559
0.951955
1.59914
1.79374
0.95554
0.7143
1.11204
0.895735
1.28075
0.828968
1.91149
2.14341
1.5912
1.30181
1.58562
1.48975
0.842708
1.40114
2.28223
1.07168
2.05068
0.909142
2.02959
1.36103
1.05791
2.40099
1.31008
1.93872
0.936777
1.15128
0.825086
1.739
0.742922
1.40545
2.01132
1.02434
1.89503
2.05928
1.9068
0.767518
1.14384
1.18175
1.29722
1.66025
0.344659
1.05134
2.18865
1.26198
1.05933
1.75253
0.933361
1.14477
1.48404
0.969835
1.46436
0.558472
1.34123
0.911519
0.849828
1.18031
1.17952
1.73733
0.807318
1.67466
1.25204
0.994023
1.4653
0.260779
1.89134
1.53292
1.9384
1.54752
0.867751
1.66384
0.917547
0.856051
0.310349
0.652402
0.720557
1.84175
1.423
1.62756
1.56938
1.76397
0.865701
1.66512
1.10153
1.10794
0.0682777
0.996516
1.29525
0.753967
0.248703
0.978086
0.952303
1.20075
1.61668
1.68409
0.731366
0.814939
0.708827
1.7902
0.851945
1.5363
1.92238
0.204492
1.02916
0.909289
0.662772
1.66465
0.381238
1.24675
1.72829
0.893451
1.77584
1.38428
0.855949
1.18473
0.179857
0.476629
0.879522
1.13401
1.22461
1.18347
1.30124
1.29351
1.93354
1.29397
