5.59331
6.26796
5.77889
5.38555
6.25981
5.25808
5.41552
5.43243
5.49982
5.63146
5.21007
5.67026
5.0077
5.1934
4.96159
5.79419
5.55287
5.5427
5.32081
5.75645
5.52705
5.61797
5.23315
5.81519
5.25962
5.42257
5.44352
4.65659
5.60652
5.71119
5.35229
5.79371
5.0586
5.49596
5.72397
5.68307
5.2619
5.16943
5.58516
5.46451
5.39908
5.43931
5.46725
5.40945
5.19648
5.98284
5.28606
4.9672
5.13464
5.08965
5.75416
5.12733
5.81976
5.79052
5.53473
5.60764
5.37281
5.19201
5.76116
5.76985
5.64866
5.1623
5.72244
5.61919
5.11199
5.42735
5.31628
6.05416
6.07599
5.67117
5.32448
5.50642
5.18179
5.71294
5.47475
5.73314
5.62343
5.01223
5.42797
5.19458
5.49045
5.10997
5.63549
4.87621
6.17234
5.76465
5.62062
5.73217
5.43318
5.17575
5.36094
4.93356
5.55263
5.23221
5.31283
5.45991
5.41821
5.85115
5.18928
5.69267
