-3.03248
-3.44481
-3.87093
-3.08145
-3.07089
-4.02968
-3.38733
-3.04548
-4.21702
-3.32167
-2.98122
-3.0799
-4.82322
-3.85949
-3.54844
-3.72487
-3.17284
-3.13943
-3.00279
-3.8652
-2.37038
-2.74377
-6.17421
-3.45545
-3.56474
-4.48282
-3.65563
-3.80206
-3.05509
-3.72198
-4.46401
-3.27873
-4.4028
-3.82019
-3.04216
-3.48069
-3.95507
-3.4648
-2.35155
-3.42321
-3.32665
-3.54569
-3.64204
-3.33004
-4.40638
-3.94851
-3.82649
-3.35776
-1.81902
-3.54149
-3.23577
-4.48119
-3.13472
-3.85135
-4.00928
-3.04472
-4.11303
-4.75083
-5.37226
-4.75523
-3.93444
-3.16415
-3.49003
-4.12141
-2.97013
-2.61033
-3.45737
-3.84218
-2.57298
-3.66348
-3.10005
-3.04665
-4.57778
-3.82466
-3.43213
-4.2383
-3.91508
-2.95211
-2.69217
-2.51949
-3.69402
-3.66868
-3.95914
-3.94438
-3.76437
-4.03375
-2.42037
-3.33883
-4.1509
-3.91659
-4.0541
-3.70162
-3.60886
-4.43236
-3.32374
-3.10553
-3.38256
-2.95405
-3.53602
-3.20269
