5.20426
5.31778
5.00895
5.00103
4.768
5.26227
5.03139
4.744
4.84072
5.22906
4.89433
4.92263
5.23826
5.26205
5.06472
5.29044
5.53237
4.92193
4.79563
5.39042
5.10498
5.01253
5.24437
5.36561
5.12996
5.22091
4.59919
5.14771
5.45985
5.77113
4.42377
5.14053
5.0954
5.38443
5.17552
5.07877
5.48021
5.24483
5.15118
4.94927
4.9735
5.33197
5.60346
5.08597
4.98872
4.38024
5.06927
5.34187
4.75583
4.73588
4.85541
5.75554
5.1496
5.46691
4.53251
5.14511
5.08309
4.99376
5.09288
5.35454
4.64022
5.57479
4.61826
5.38968
4.83933
5.43419
5.51715
5.37764
5.54176
5.53633
5.03092
4.71267
4.8232
5.08526
4.91873
4.90877
5.02252
5.28798
5.15343
5.20089
5.50241
5.0876
5.16824
5.30989
4.82044
5.36574
5.42213
4.69561
5.0504
5.34323
5.26415
5.13756
5.52793
4.93066
5.27615
5.54622
5.399
4.81953
5.63932
5.24973
