-0.153298
0.845137
-0.393158
0.120815
0.00596308
-0.198215
-1.13015
-0.103253
-0.598309
0.661185
-0.367299
-1.65944
-0.282527
-0.148458
-0.307438
-0.44972
-2.05955
-0.69169
-0.750307
0.28186
-0.369293
-0.183419
-0.591315
-1.65181
-0.666334
-0.390336
-0.597373
-0.477331
-0.285779
-0.739851
-0.504731
-0.644751
-0.00313988
-0.247372
-1.12289
-1.16241
-0.0471104
-0.342757
-1.42714
-1.14833
-0.21713
-0.858408
-0.729955
-1.00972
-0.357126
-0.346838
-0.540786
0.287648
-0.601156
0.540166
-0.943352
-0.810948
-0.232071
0.140578
-0.350007
-2.17512
-0.0584732
0.473153
0.0202699
-0.57943
-0.37086
-0.501847
-0.0864423
-0.211256
-1.041
0.056698
0.653878
-0.048187
0.163591
0.0344436
-0.28393
-1.09657
-0.788378
-0.65759
0.572325
-0.635383
-0.179666
-0.618684
0.432723
-0.0994755
-1.01883
-0.455203
-0.562198
-0.792133
-0.813633
1.0294
-1.29611
-1.41682
0.438469
-0.32613
0.149008
-0.965122
-0.337333
-1.01149
0.575226
-1.33486
-0.619393
-0.747632
-0.566234
-0.980448
0.0202363
-0.419441
0.403145
-1.34516
-0.95597
-0.619422
0.828644
-1.09822
-0.414549
0.736897
0.339286
-1.46077
-0.889402
-1.21572
-0.827826
0.224517
-1.00622
-0.370024
1.25103
-0.982815
-0.36077
0.411972
-1.02781
0.00189097
-0.511145
0.00560475
-0.693772
0.99916
-0.155783
-0.383425
-0.0965482
0.039247
0.266854
-0.908158
-0.456766
-1.11691
-0.369423
-0.694799
-1.46975
-0.65475
-0.308058
-1.37682
-0.271244
-0.590875
-0.230339
-0.684707
-0.0091654
-1.01622
-0.425353
0.514985
-0.839122
0.0308721
0.340785
-0.12996
-1.01048
-0.329343
-0.840613
-0.245984
-0.739579
-0.98067
-0.433307
-1.09069
0.159796
-0.151921
-1.26043
-0.393574
-0.379501
-0.309613
-0.484123
-0.179948
0.196573
-0.91032
-0.59473
-0.545889
-0.713574
0.317241
-0.379301
-1.60517
-1.18146
0.0664151
-1.06719
-0.223803
0.479621
0.28881
-0.90255
-1.35568
-0.543726
0.167786
0.236608
0.255297
-1.76784
-0.964948
0.331665
-1.01256
-0.473685
0.302378
-0.430316
0.372401
-0.349149
-0.539514
-0.380526
-1.02882
-0.156252
-1.68741
0.706713
0.510516
0.402649
-0.590173
-0.0289711
-1.38528
-0.22707
-0.740164
-0.503953
-1.0736
-0.267639
-0.662835
-0.858432
0.263148
1.2267
-0.797992
-0.128691
-1.02565
-0.525635
0.670063
-0.826386
0.150795
-0.177463
-0.92011
-0.155117
-1.20397
0.76879
0.0790396
0.566959
0.0287151
-1.6351
-0.316663
0.262454
-1.51374
0.179188
-0.547461
-0.310811
-0.873796
-0.874234
-0.222467
0.230156
0.469647
-0.118794
-0.336858
-0.971639
-0.594616
-1.50572
-0.855578
-0.678051
0.442446
-0.163734
-0.81063
0.429159
-0.464569
-0.396286
-0.438771
-0.088167
-0.0220145
1.02136
-0.38992
-0.099745
-0.559919
-0.234744
0.668535
-0.403953
-0.498672
-0.357031
-1.20845
-0.0923327
-0.229609
-1.69763
-0.809261
-1.34769
-0.921445
-0.208205
-0.333903
0.164569
-1.32786
-0.440188
-1.20658
-0.420454
-0.839156
-0.471039
-0.475069
-0.718077
-0.102475
0.115108
-1.04293
-0.701826
-1.40999
-0.738764
-0.787291
-0.474708
-0.50354
-1.20486
-0.548721
-0.649512
-1.19859
-0.377141
-1.4919
-0.647873
-1.24752
-0.64086
0.0864704
-0.250982
0.135418
-0.0436008
1.15139
0.128812
-0.281156
-0.487113
-0.255247
-0.332491
-0.0756789
-0.0588365
0.2844
-0.805107
0.0297581
-0.537497
-0.923362
0.302049
0.21134
-0.040558
0.141125
-1.35475
-0.366107
-1.09676
-0.656504
0.0711789
-0.422418
-1.63645
-0.669445
-0.601671
0.315842
-1.02699
-1.42657
-0.413587
-0.576541
-0.899725
-0.731782
-0.432262
-0.662078
-0.445013
-0.891872
-0.320014
-1.03116
-0.877677
-1.1798
-0.00566553
-0.68156
-0.44105
-0.519125
0.849192
-1.41561
-0.0510223
-0.14027
1.08714
-0.70976
0.100384
-0.727081
0.458616
-0.687812
-0.368999
-1.94798
-1.40057
-0.490851
-0.633295
0.102185
-0.120691
-0.549544
0.0835522
-1.23899
-1.18799
0.343638
-0.525762
-0.702292
-0.164016
-0.19352
0.591317
-1.6151
-0.779576
-0.299956
-0.603873
0.227599
-0.407257
-0.658983
-0.797076
-1.40649
-0.991894
-0.532366
-1.88526
0.278599
-0.208719
-1.38713
-1.64771
-0.106342
-0.612768
-1.00059
-0.068909
-0.0191046
0.539731
-0.611764
-0.550712
-0.34465
-0.227776
0.158018
-0.6007
0.736162
0.383319
-0.0286353
-0.185637
0.151692
0.226564
0.626893
-0.330355
0.0141749
0.0399356
-1.61911
-0.559397
-0.627153
-0.292508
0.613019
-0.0791116
-0.119478
-1.00735
-0.432454
-0.430523
0.480115
-1.38829
-0.237598
0.579172
0.0155454
-0.132155
0.473971
0.150652
-1.08608
-0.613313
-1.12374
-0.538698
0.8164
0.378605
-0.483867
-1.06632
0.842986
-0.656701
-1.06522
-0.204814
-0.616898
-0.647177
-1.5858
-0.0170675
-1.04097
-0.870229
-0.51325
-0.0334814
-1.03555
-1.64136
-0.231135
-0.491409
-0.120684
-0.67766
-0.18574
-1.26242
-1.26281
-0.445392
-0.123998
-0.726613
-1.06229
0.0823189
-0.648917
-1.81363
0.0816874
-1.17848
-0.0475252
-0.428893
-0.231359
0.593792
-0.839303
-0.237576
-0.150433
-0.496019
-0.392522
-1.2346
-0.943564
-0.702186
-1.46808
-0.0763636
-0.459171
0.280832
-0.323849
-1.07734
0.641788
-1.09409
-0.260008
-0.616114
-0.716462
0.510514
0.337125
-1.0508
-0.611556
-0.848112
-0.823935
0.218711
-0.357753
0.162637
-0.165757
-0.490383
-0.372634
-0.28344
-0.390782
-0.71923
-0.400754
0.547848
-0.393364
-0.441409
-0.133242
0.612777
-0.512782
0.265148
-0.176457
-0.288914
-0.663166
0.805709
-1.26331
-0.04091
-0.194062
-0.105449
0.32012
-1.10628
-1.37341
0.37983
-0.736361
-1.28147
0.0594291
-1.56374
-0.621506
-0.979262
-0.310393
-0.954429
0.541513
0.320876
-1.76186
-0.415067
-0.282015
-1.05084
-1.09391
0.326912
-0.36314
-1.1788
-0.253419
0.811322
0.163654
-0.722337
-0.748328
-0.321824
-1.40667
0.356136
-0.263636
0.0984601
-1.24494
0.179718
-0.411366
0.244162
-0.707906
-0.672963
-1.10185
-0.618205
-0.481107
-1.00567
0.827896
0.0259812
-0.558267
0.230126
-0.235302
-0.724162
-0.870211
-0.802445
-0.293274
0.470121
0.28878
-0.0896748
-2.07741
-0.0562385
-0.396421
-1.51924
-1.75748
-0.0980454
-0.168251
1.08228
-0.0767451
-1.80305
-1.27457
-0.291134
0.257871
1.17147
-0.976253
1.14613
-0.344566
-1.02564
-0.546179
1.28641
-0.498098
-0.3389
0.503864
-0.752404
-0.0575214
-0.398672
0.729998
-0.403407
0.0096792
-0.675325
-0.701098
-0.141651
-1.40136
0.0623162
-0.386825
-0.825533
0.00265781
0.0138541
-0.457162
-0.187917
0.150469
-1.60756
0.603662
-0.629475
-0.392771
0.189211
-0.951787
-0.567076
-0.477957
-0.78721
-1.08438
-1.05063
-0.254285
-1.47099
0.627184
-0.034468
-2.01968
-0.917484
-0.698884
-0.586235
-1.21786
0.158339
0.130749
-0.926969
0.191961
-0.552698
-0.432396
-0.10052
-0.739285
-0.2926
-0.968956
-0.171322
-0.385086
-0.282727
-0.814611
-0.0573602
-0.369416
-0.37701
-0.173556
-0.547585
0.802703
-0.339041
0.320735
-0.365134
-0.645362
0.0645639
-0.571588
0.354322
-1.58072
-0.997575
-0.184937
0.317627
-0.0334345
-0.585621
0.295571
-0.78231
-0.866347
0.206713
0.289556
-1.09219
-1.26553
0.222911
-0.918715
-0.738392
-1.10788
-0.603342
0.985571
-0.366986
-0.752159
0.0409888
1.2177
-0.074786
0.176913
-0.627306
-1.28999
0.280618
-0.0127754
-0.267244
0.0344513
-0.483884
-0.0530047
-0.016218
-0.592825
0.654446
0.668612
-0.165942
0.49939
0.280986
-1.10359
0.733397
-0.896746
-0.572901
-0.629891
-0.73465
-0.853797
0.0454861
-0.307719
-0.479427
0.0523077
0.545447
-1.47031
0.361979
-0.504676
-0.761923
0.0964802
0.576162
-0.899603
-0.38217
-0.330589
-0.312655
-1.23935
0.0763318
-0.219317
-1.23814
0.591283
0.390006
-0.926493
-0.788687
-0.082925
-0.0447751
0.172172
-0.394453
-2.023
-1.10719
0.280911
-1.19218
-0.763969
-0.943305
-1.03973
-0.665597
-0.822276
-0.522089
0.180712
-1.63167
0.0783652
-0.0602952
-0.576332
0.312231
0.175701
-0.935772
-1.29811
-0.128093
-0.227543
-0.506585
-0.565035
0.256402
-0.992106
0.418707
-0.178115
-0.61808
0.104042
-0.130401
-0.331959
-0.0661971
-0.90551
0.732094
-0.416963
0.797167
-0.281569
-0.442956
0.319417
0.279646
-0.436351
-1.00984
-0.208682
-1.11853
-0.855275
0.416772
0.556847
1.63725
-0.514193
-1.06424
0.373444
-0.849212
-0.391204
0.132695
-0.00607133
-0.433593
-0.903859
-0.818757
-0.272889
-0.50796
-0.589393
-0.120759
-0.801324
-0.222227
-0.567929
-0.516514
-0.316437
0.597228
-0.539717
-0.561291
0.00875499
0.0829437
-2.737
-1.15242
-1.40472
-0.00455016
-0.653261
0.282799
-0.749849
0.510961
-0.510463
-0.864323
0.568963
0.0512777
-1.06256
-0.154351
-0.221123
-0.823228
0.394272
-0.629364
-0.271327
0.781078
-1.61658
-0.877734
-0.130368
-1.06409
-0.447779
0.590506
-0.84268
0.278531
-0.374377
-0.72246
-1.13763
0.211234
0.131962
0.0651332
0.246599
-0.659812
1.81656
-0.852925
0.70128
-0.238689
-0.506162
-1.17646
-0.40699
-0.435279
-1.07724
-0.38466
0.480008
-1.15597
-0.53375
-0.329216
0.232783
0.404154
-0.00511659
0.0477464
0.0247872
-0.569267
-1.20711
0.038654
-0.256546
0.73566
0.417232
-0.293466
-1.05354
-1.3974
-1.05564
0.305147
-0.904322
0.192091
1.02834
-1.0277
0.41159
-0.000838492
0.168736
-0.83134
-0.703963
-1.60672
0.66204
0.286501
-0.319874
-0.775
-0.211171
-0.5123
0.0639395
-1.45153
-0.558603
0.535978
-0.311136
-0.257421
-0.283355
-0.342912
-0.834563
0.129325
-0.745993
-0.0269113
-0.460972
-1.15244
-0.62204
-0.820193
0.246467
0.00817835
-1.25114
-0.642896
-0.182836
-0.200521
-0.18701
-0.805175
0.0329424
0.242303
-0.977042
-0.0945327
-0.479065
-0.299952
0.705914
-0.408278
-0.136535
-0.32861
-0.728078
-0.338696
-0.0157558
-1.38492
-1.24027
0.0913682
1.38739
0.731997
0.461375
-0.466097
0.814301
-2.11646
-0.246294
-0.669081
0.117865
-0.850907
-0.284278
-0.521016
-0.364266
-0.335252
0.662925
-0.7768
0.086403
0.232132
-0.299346
-0.475051
-0.420995
-0.73417
-0.216045
-0.6174
0.335436
0.594295
-0.3718
-0.11004
-0.131272
-1.17911
0.100273
-0.91558
-0.357251
-0.800741
-0.792833
-1.09934
-0.412149
-0.246733
-1.23948
-0.410954
-0.730305
-0.656784
0.171408
-0.543966
-0.191416
-0.340536
-0.169668
-0.650709
-1.83209
-0.667364
0.206556
-0.773021
0.589369
-0.139273
0.304712
-1.01584
-0.905537
0.19395
-0.600292
