-1.53019
-1.53175
-0.839599
-1.18033
-1.29221
-1.42203
-1.30403
-1.09979
-1.2418
-1.27458
-1.20928
-0.91224
-1.0964
-0.8285
-1.03406
-1.63937
-0.755597
-1.58688
-1.68416
-1.03149
-1.06371
-1.4793
-0.954399
-1.34304
-1.43066
-1.36815
-1.6506
-0.653656
-1.84252
-1.81962
-0.678573
-1.37033
-0.554729
-1.05418
-1.07542
-1.1336
-1.16502
-1.56231
-1.50543
-0.930195
-0.893832
-1.44918
-1.62971
-1.65317
-0.852143
-1.25853
-1.19333
-1.58411
-1.11169
-0.836404
-1.1827
-0.785893
-1.16116
-0.933966
-1.56015
-1.30943
-0.928121
-0.996235
-1.37495
-0.943015
-1.75082
-1.75626
-1.05992
-0.289533
-0.816885
-1.65152
-1.84515
-1.53865
-1.51128
-1.49065
-0.620443
0.160815
-1.88121
-0.67072
-0.963742
-1.8293
-1.33733
-0.808855
-1.32299
-1.47122
-0.686264
-1.97225
-1.66402
-1.13763
-1.42097
-1.68062
-0.573839
-0.633336
-1.24035
-1.24051
-1.03911
-0.818389
-0.665642
-0.759392
-1.21942
-1.31228
-1.31327
-1.2241
-1.17359
-1.31385
-0.782441
-1.39656
-1.46665
-0.970173
-0.824844
-1.80469
-1.64423
-1.49189
-1.37632
-1.30353
-1.07357
-0.917042
-1.41005
-1.28181
-0.787482
-1.1817
-1.47709
-1.20757
-0.683316
-1.56785
-1.23041
-1.10328
-1.85514
-0.997489
-1.21988
-0.175726
-1.64208
-1.11233
-1.57036
-1.25892
-1.60824
-1.36329
-0.781755
-1.2031
-1.2385
-2.23985
-0.754939
-1.28311
-0.438138
-1.04759
-0.919065
-1.28174
-1.1735
-0.858542
-0.851833
-1.71716
-1.45318
-0.957286
-1.13203
-1.1779
-1.25187
-1.43997
-1.14296
-1.02644
-0.674455
-0.998665
-0.610191
-1.45114
-1.44979
-1.45418
-1.09321
-1.68005
-0.822233
-0.800798
-1.66827
-1.52831
-1.27851
-0.769232
-0.917177
-1.02644
-1.70014
-1.53652
-1.55436
-0.997365
-1.58198
-1.31824
-1.49841
-0.950987
-1.37077
-1.3822
-1.8989
-1.01144
-0.736659
-0.997034
-1.535
-1.22218
-1.08436
-1.1638
-1.32754
-1.1409
-1.69048
-1.85708
-1.31818
-1.20917
-1.04861
-1.50638
-0.973702
-1.16482
-1.38229
-0.877057
