0.160613
-0.110481
-0.363942
-0.627223
0.401418
-0.147451
0.204728
0.212684
-0.226515
-0.344824
-0.505263
-0.265192
-0.188677
-0.443177
-0.472495
-0.139351
0.305442
0.156407
0.428482
0.45658
-0.233626
-0.430271
0.129579
-0.322705
0.441599
-0.468528
-0.381745
-0.820562
-0.363307
-0.7342
-0.093367
-0.226478
-0.223719
0.157909
-0.789443
0.125484
0.324318
0.665211
0.0695521
0.0592894
-0.40386
-0.390244
-0.188979
-0.623248
-0.885981
-0.30274
-0.2713
0.348323
-0.116539
0.161615
-0.54458
-0.244942
-0.621442
-0.242537
-0.586361
-0.0745657
-0.00734885
0.471317
0.290673
-0.077222
0.250591
0.223705
0.205238
-0.0626589
0.146208
-0.0596059
-0.288283
0.15952
-0.0407242
-0.111274
-0.221702
-0.0751102
0.272659
-0.784355
0.144373
-0.542528
-0.359083
0.244782
-0.583145
-0.0980202
-0.161659
0.37333
0.132654
-0.354107
-0.0688447
0.358487
-0.574851
-0.291945
0.31369
-0.247593
0.0411127
-0.531041
-0.136923
-0.272714
-0.779135
0.0111671
-0.0837168
-0.467561
-0.720752
0.0169509
-0.331461
-0.728432
-0.323703
-0.946173
-0.135667
0.569119
-0.0895441
-0.270964
-0.711613
0.248564
-0.643573
0.28344
-0.380816
-0.458067
0.026045
0.360626
-0.0593344
0.0486014
0.0489784
0.0823951
0.541319
0.244323
-0.428082
-0.141472
0.447255
-0.3378
-0.242494
0.0625142
0.493717
-0.143314
-0.754538
-0.241382
-0.272332
0.0872704
-0.610392
0.344565
0.163017
-0.0475766
-0.362136
-0.0976726
-0.0849498
0.0769745
0.0600784
0.270714
-0.375758
0.169463
-0.116299
0.270864
0.068288
0.292175
0.173366
-0.0335204
-0.381389
0.0934201
-0.459631
-0.447348
-0.0371628
-0.152812
-0.152864
0.160232
-0.203215
-0.786278
-0.0168443
-0.399099
-0.83553
0.494202
-0.374236
-0.665486
0.246739
-0.202482
-0.123624
-0.047656
-0.493551
0.0461116
-0.254907
-0.52772
0.588396
-1.15203
-0.261307
-0.229841
0.0997594
-0.0249527
-0.537412
0.329705
-0.905418
-0.38643
0.146405
-0.46932
-0.259157
-0.173974
-0.118702
0.105075
0.21672
-0.206107
0.00659781
-0.297568
0.159688
-0.0344755
0.152333
-0.411907
