5.41389
6.09662
5.66564
4.85324
6.11126
6.35653
5.20948
5.85228
5.30409
4.83262
5.11505
4.60921
5.09968
6.09101
5.87157
5.10273
5.51646
5.29673
6.16521
5.98592
5.40514
6.25846
5.31352
5.00967
4.80079
5.1843
5.38356
6.03006
5.25767
5.52928
5.2475
5.95607
6.08076
4.79844
5.02718
4.8088
4.96261
5.18712
4.92503
5.86779
5.9277
5.55836
5.71167
4.68309
5.65375
5.43938
6.05643
4.33857
5.55711
5.737
5.31272
5.66718
5.13146
6.02286
5.50603
5.83196
4.74341
5.54822
6.56546
5.74428
6.04187
6.70979
5.91268
5.68721
6.02485
5.61373
4.73399
5.43338
5.6248
5.45582
5.87037
5.08337
6.24165
5.69913
4.82511
5.163
5.50977
5.54399
5.21967
4.86346
5.35028
5.80645
5.69055
6.10948
5.729
5.31161
5.95228
5.42967
6.0488
5.5056
5.6164
4.22605
5.7616
5.26118
5.77862
6.27774
5.88614
4.74531
6.44251
5.57478
