0.525472
2.60199
1.23667
0.387369
1.68299
-0.427563
0.830835
0.423928
-0.250041
0.857678
-0.260035
-0.149421
-0.494088
0.594055
0.977936
1.71057
0.103135
-0.703872
-0.30131
0.306007
1.24518
0.347392
-0.459255
0.390994
-0.601448
1.63332
1.10354
-0.0217201
0.22645
1.29114
0.763722
0.454281
0.527606
-0.207481
-0.618144
1.09589
0.387613
-0.0947093
1.64854
0.93899
0.593427
0.0781214
-0.554924
-0.367256
0.605162
0.472386
0.170766
0.393341
-0.0764398
1.02812
0.335024
0.216932
0.302367
0.553309
0.616079
0.0894861
1.12654
0.149655
-0.395819
0.403694
0.881715
0.851562
1.40324
0.562158
0.299115
-0.384825
-0.0915448
0.786785
0.569207
0.609766
0.438104
-0.00773303
-0.222413
0.929737
0.730863
0.31828
0.897675
-0.053568
0.167115
-0.146874
0.34561
-0.1704
0.962743
-0.0801671
0.0647348
0.796016
-0.317663
1.29445
0.74822
0.365964
1.54562
-1.16794
0.530107
1.1056
0.234658
0.124021
0.355155
1.46241
0.239459
0.70156
