0.569252
0.482182
0.0958931
0.256182
0.497228
1.73152
0.592717
1.35591
1.10214
0.739543
0.540922
1.33341
1.04708
-0.128463
1.48738
0.739302
0.863765
1.16956
0.686527
0.943537
1.09475
0.588157
1.08543
0.151727
1.03757
1.14422
1.21266
1.12247
0.821786
0.400317
0.625741
0.889299
0.918794
1.34297
1.14013
1.18166
0.432499
0.181221
0.503154
0.61071
1.4453
0.757195
1.64934
0.983689
0.59014
1.46288
1.32915
0.644286
1.34609
1.48406
0.997442
0.912248
1.19454
0.91996
1.28603
0.863912
0.569356
1.41585
0.604774
0.258075
0.798501
0.471687
0.961077
0.706884
0.865823
1.15851
1.54777
1.12509
0.599534
0.189777
1.09786
1.38966
1.86752
1.23762
0.534442
0.827896
1.45612
1.08377
0.72032
1.86621
1.29315
0.629611
0.38832
0.846429
0.90492
0.570257
0.811945
1.20265
1.07401
0.996466
0.682545
0.502327
0.774023
0.421722
0.994607
0.929083
1.3649
0.449212
0.97552
0.389531
0.582627
0.8367
0.823167
1.88211
0.984301
0.681832
0.0644578
0.392012
1.0585
1.41485
1.08314
1.43188
1.02468
1.06599
1.3344
0.696611
1.11001
0.957649
0.791403
1.35167
-0.0439005
0.749087
1.02174
1.20734
0.655171
0.665728
2.00056
1.20708
0.0212478
1.0504
1.54569
1.22218
1.11309
0.849379
0.601909
0.771441
0.326597
1.32433
0.661377
0.886963
1.63887
0.525007
0.494634
0.748686
0.435063
0.674663
0.942354
0.620059
0.961906
1.05326
0.298622
0.577506
0.351076
0.993585
0.980504
0.314333
1.21234
1.17699
0.952695
0.249946
1.43608
0.0702126
1.54715
1.28928
1.06105
0.453623
0.893647
0.843207
1.05161
0.424748
1.2027
0.775676
1.30238
0.663524
0.833849
1.15472
0.786346
0.686996
0.591179
1.71263
0.321726
-0.0611322
0.213639
0.871883
0.761046
0.795014
0.932089
0.947062
1.40643
1.44628
0.948118
1.63457
0.976069
1.04355
0.991498
0.829533
1.35158
0.00217181
0.560832
0.718813
1.06845
-0.0233712
0.269749
0.553237
0.616216
0.808797
0.561758
0.856846
1.42417
0.956423
0.711178
0.245307
1.13317
0.840358
0.792373
0.891361
0.508475
1.72975
0.642908
0.709136
1.08202
0.514644
1.03982
1.55794
0.813836
0.612957
0.0481724
0.417545
0.61434
0.309139
0.782454
0.827334
0.58325
0.873052
1.17131
0.881674
1.11045
1.54943
1.13845
1.72632
0.563262
1.12908
0.199115
0.579508
1.11865
-0.0058484
0.90962
1.3293
0.932549
1.20764
1.19674
0.63378
0.523068
1.01458
0.489508
0.453006
0.203917
0.751051
0.915778
0.940615
1.08462
1.14956
0.878927
1.48957
0.24032
0.499839
1.09031
0.734827
1.40476
0.967192
0.449191
0.195976
1.45014
1.23926
0.754493
0.997657
1.24399
1.38387
1.0061
0.641816
1.47301
-0.0807575
0.763528
0.875543
1.35321
0.256738
1.4424
0.878175
1.09452
1.07613
0.923151
0.512371
0.109372
1.30441
1.41421
0.846021
0.847816
0.659632
0.777402
1.51132
0.967581
1.52316
0.163395
1.17963
0.743496
0.834912
1.24983
1.27309
1.31535
-0.141182
1.70292
-0.961724
0.768357
0.0621533
0.434148
0.640118
0.515141
0.414832
1.35603
0.61641
1.18434
0.69446
1.13678
0.769158
1.17554
0.346556
0.598505
1.3426
1.18777
1.38974
0.338231
1.47192
0.351908
0.836761
0.411513
0.176044
1.36932
1.3895
1.29166
1.40301
0.571674
2.352
0.397145
1.63369
1.39454
0.506299
1.90673
0.804502
1.53414
1.09853
1.20474
0.254392
1.09335
1.71067
0.767218
1.15579
0.588124
1.44411
0.74772
1.75775
1.09551
0.803708
0.842195
1.07047
1.79581
1.28849
0.767687
0.928922
0.591935
1.09343
0.545394
0.931724
1.78499
0.96373
1.55585
1.11279
0.768471
1.48892
0.932672
0.724251
0.340276
0.231834
1.3548
0.28548
0.94025
1.22977
1.10173
1.34343
0.794641
1.12779
1.41692
1.0507
0.916607
0.957374
0.969041
1.45159
0.863177
0.982838
1.70651
0.812375
1.15062
0.629104
1.53596
0.853717
0.730213
0.184048
0.850717
0.431159
1.32069
1.15127
1.50264
1.2742
0.436957
1.62063
0.726348
0.477399
0.928422
1.16376
0.0671135
1.03992
0.551871
1.28112
0.885596
1.30112
0.748489
1.12226
1.52179
0.479678
1.03711
0.764361
1.0146
0.517616
1.20243
1.5224
-0.0275486
0.708282
0.659408
0.6951
0.485479
0.931134
1.33302
1.40904
0.594901
1.11878
1.3948
0.927254
0.752302
0.541345
1.04093
1.6788
0.43372
0.309023
0.68452
1.49641
1.35434
0.111848
0.86705
1.25206
1.21616
0.217867
-0.0833993
0.545832
0.334084
1.06147
1.64626
0.801854
0.965741
0.417581
0.601682
0.962292
1.09248
1.26224
1.00981
0.764654
1.09574
0.508555
1.11028
1.37018
0.609344
1.5846
0.41763
1.70961
0.417441
0.28986
0.552665
0.675733
0.84411
0.935026
0.464257
0.55472
1.3789
1.07379
0.10238
0.615048
0.505563
0.266452
-0.0936493
0.537435
2.16185
0.907905
0.966581
0.488412
1.21308
1.08094
0.333353
1.01094
1.35261
-0.029139
0.581876
1.43359
0.648608
0.369484
0.863838
0.0872065
0.627424
1.18784
0.815271
0.971358
1.67171
0.573489
0.208839
1.16465
0.879219
1.22904
1.04724
0.781592
1.31715
1.80849
0.779299
0.345425
0.881594
0.945138
0.665597
1.30277
0.946083
0.734667
0.575681
0.627761
1.14031
0.479341
1.01955
1.50262
0.565981
1.08442
0.257337
0.494978
1.13303
0.790928
0.0624161
0.677163
2.50949
1.67075
0.53053
1.02939
1.0314
1.5934
1.33694
0.561145
0.862134
0.244339
0.965582
0.808425
0.837004
1.30435
1.55578
0.183198
1.6849
1.25735
1.57842
0.350135
0.505533
0.829199
0.438712
0.80266
0.39806
0.887846
0.0171916
1.41212
1.43105
1.92029
1.24311
1.17866
0.67998
0.840417
0.374651
0.352406
1.33958
0.67557
1.20317
1.00252
0.86254
0.976293
1.60524
0.521716
0.28304
0.563016
0.502483
1.42033
1.46657
1.46542
1.0038
1.97892
0.486541
0.76846
1.0768
0.968321
1.63011
1.13831
0.885578
1.86404
1.03519
0.461431
1.04802
1.10335
0.99439
1.54045
0.712272
0.890445
1.46096
0.942483
0.118473
0.533045
0.640318
1.47545
1.23886
1.14188
0.73925
0.968753
1.62718
0.981157
1.38717
-0.0368228
0.744371
1.46558
1.05671
0.706527
1.74375
1.41496
0.825041
0.179829
1.05462
0.449693
1.14932
1.05869
0.670602
1.11168
0.520069
0.876978
0.484246
-0.171744
1.25048
1.21963
0.921384
0.829207
0.637917
0.763372
1.60757
1.09491
0.698474
1.34582
0.833498
0.498217
0.648121
0.371939
0.506503
0.965056
0.915466
0.317851
0.571425
0.842978
-0.043316
0.95469
1.21763
0.761787
0.627934
0.793134
1.15461
0.316467
0.501331
1.47228
1.60133
0.432033
1.07461
1.1595
1.69069
1.26352
0.488852
1.05317
0.374285
1.29252
0.562367
1.63235
0.572852
0.679981
0.598546
0.919674
0.922114
1.643
0.383504
0.541011
1.09745
1.26992
0.607393
1.04277
1.16114
1.18697
1.45101
0.17028
1.23875
1.53784
0.698156
0.299912
0.612139
0.621549
0.670503
1.46578
1.39419
0.98816
0.747468
1.22747
0.846674
1.29526
0.636311
1.66521
0.48875
0.556163
0.962958
1.4608
1.02861
0.267748
0.470221
0.44319
1.11945
1.29021
1.77746
1.14264
0.744505
0.831653
1.67109
0.562294
0.287468
0.42739
1.36156
1.28363
0.806605
0.175779
1.10651
0.31095
0.83078
0.919497
0.872873
1.07194
1.51863
0.737025
0.939945
1.60977
0.977308
0.478301
0.616419
0.738814
0.327352
0.538141
1.19387
1.13848
1.26275
0.805148
0.0856909
0.391324
1.7841
0.555333
0.59408
0.732037
0.74043
0.935966
0.711537
0.92335
1.19281
0.267484
0.505117
1.05982
1.29377
0.579416
0.5848
0.528621
1.25116
0.977906
0.621386
0.847663
0.855895
0.781753
0.41341
0.345645
1.39894
0.0431776
0.548997
-0.0960079
0.976858
0.964176
0.774189
1.17818
0.574283
1.02098
1.31627
0.238635
0.820378
0.385553
1.25492
0.00294002
-0.289915
0.372543
1.08857
0.220539
0.757497
1.10536
0.953921
1.57044
0.951202
1.0831
1.48612
1.12773
0.809336
0.0662666
0.603204
0.624895
1.58351
0.567303
0.967322
1.24411
0.852582
1.13014
0.776351
0.897937
0.905683
1.21971
0.889787
0.178861
2.00297
0.989586
0.4625
0.951003
1.0692
0.456411
1.2998
1.58932
0.495302
1.44029
1.3172
0.552766
1.21985
0.642067
0.896716
1.10359
0.938165
0.919975
0.177858
1.17657
0.576777
1.31042
1.32696
1.31603
0.931616
0.971061
1.08892
0.912121
1.07732
0.301118
1.37936
0.856417
0.17103
0.187465
1.1567
0.351233
0.870378
1.55602
1.08558
0.685927
0.910595
1.32475
0.916474
-0.126464
1.60291
1.17536
0.714008
0.576452
0.835046
1.23976
1.42165
0.934
1.42251
1.71657
1.42947
0.505116
1.50961
0.512908
2.05844
1.05373
0.741265
0.100326
1.40713
0.999516
0.700903
0.75704
0.954129
0.944926
0.926207
0.913725
1.01719
0.632486
1.10707
0.963891
0.561491
0.456218
0.507335
1.18725
0.264264
1.01019
0.439693
0.963244
0.68277
0.8188
1.45321
0.00953127
0.519648
0.466301
1.51272
-0.0411056
1.2799
1.12836
0.337644
1.46461
0.653296
1.45511
0.894619
0.935392
0.711583
1.20177
1.95495
1.28145
0.7126
0.0755742
0.772331
0.926912
0.325788
0.29448
0.213641
0.846738
0.781005
1.28805
0.625903
1.32492
1.38857
0.811938
0.994666
0.763299
0.321873
1.41374
1.10868
0.576768
0.51017
0.964485
0.865514
1.30036
0.971483
0.776347
0.983737
0.0565182
0.551975
0.257237
0.623814
-0.1683
1.36952
0.381046
0.597865
1.06722
0.513078
2.00136
0.862974
1.4784
0.330075
0.758631
1.40354
0.867192
0.727074
1.67133
0.858174
1.35858
0.903308
1.34112
0.742774
0.704015
0.688092
1.17281
0.787259
0.606475
1.39335
0.780396
1.28088
0.831535
1.33771
0.999105
