0.670577
1.37907
-0.276374
0.108289
0.165469
1.97957
0.782161
1.27896
1.09922
0.842576
0.170755
1.16333
1.5441
0.0240193
1.26531
0.750277
0.877742
1.4207
0.840567
0.369828
1.31785
-0.0986219
1.03159
-0.117958
1.44812
0.845877
1.17379
1.08906
1.15873
0.674648
0.983191
1.14401
0.426227
1.48486
0.919979
1.22164
0.693553
-0.119658
1.27805
0.588459
1.42475
0.861268
1.55408
0.796174
0.356481
1.51518
0.817099
1.02262
1.40613
1.93703
0.761712
1.02846
1.58438
1.16906
1.73328
0.824777
0.427937
1.61773
0.443582
0.19627
1.06887
0.75823
1.26127
0.212943
1.07224
1.18903
1.39314
1.36225
0.791802
-0.266553
1.70078
1.84884
1.81739
1.67678
0.233836
0.880145
1.47422
0.892631
1.25348
1.91245
1.23312
0.899886
0.459558
0.857253
0.69912
0.839544
0.745631
1.1457
1.08523
1.62764
0.715109
-0.0565393
0.398257
0.415236
1.24637
0.7335
1.50353
0.581254
1.13173
0.918865
0.662313
0.662589
0.814987
1.69091
0.927226
0.0901581
-0.0872375
0.120363
1.85638
1.37473
1.25141
1.74963
1.23567
0.87032
0.90461
0.220577
0.325273
1.25101
0.72574
1.60025
0.717365
0.799596
1.4094
0.87423
0.340109
1.05992
1.82229
1.25509
0.436121
0.676276
1.24109
1.07167
0.970419
1.42235
0.61246
0.968068
0.574371
1.12662
0.631839
1.48274
1.73934
0.407606
0.294634
0.737658
0.584737
0.483892
0.732773
0.531494
0.90057
1.08064
-0.080263
0.236205
0.85095
1.05593
0.942933
0.450662
1.06004
0.669199
1.03555
0.321506
1.40447
-0.192173
1.50453
1.10822
0.493357
0.190212
0.52207
0.916
1.01273
0.434138
1.00841
0.793259
1.17787
0.625909
0.94241
1.38064
0.889806
0.927261
0.568984
1.25818
0.0411784
-0.298484
0.542266
0.948231
0.886228
0.631038
0.8354
1.20072
1.56206
1.09062
0.426294
1.78812
0.920075
1.37186
1.11187
0.58325
1.5595
-0.417975
0.986202
0.814999
1.5733
0.818349
0.393695
0.790025
0.0930751
1.0663
0.384913
0.760151
1.78894
0.699776
0.965772
0.34918
0.871793
0.775961
1.34962
1.0277
0.673674
1.96115
0.860048
0.58386
1.13704
0.730079
1.53177
1.64993
1.34941
0.510798
0.000394988
0.15029
0.160401
0.598019
1.12315
0.661776
0.803479
1.70815
1.54599
0.938978
1.16281
2.03452
1.01303
1.9712
0.560933
0.821009
0.305211
-0.0534327
1.94114
-0.145059
1.09077
1.70828
1.34889
1.48379
0.908122
0.943476
0.778349
1.14775
1.12805
0.618447
0.247653
1.21752
1.45382
1.51938
1.33606
1.34717
0.808004
1.52337
0.21514
1.17696
0.969721
0.764793
1.46062
1.01757
0.447906
0.51125
1.32614
1.5957
0.329166
1.21394
1.26247
0.980544
0.623346
0.470553
2.01646
-0.147155
1.1725
1.17327
1.29742
0.350205
1.59086
1.03055
1.41957
0.824193
1.01718
0.398582
0.137019
1.505
1.5692
1.15955
0.631327
1.04248
1.24093
1.87232
0.502278
1.79605
0.682625
1.45047
0.488698
1.21483
1.42188
1.11127
1.58726
0.136939
2.11153
-1.17822
1.23135
0.352602
0.0821616
0.750459
1.39013
0.521448
1.23199
0.619936
1.39255
1.10046
1.12565
0.793773
1.41988
0.392984
1.27304
1.63454
1.04071
1.34893
-0.0198366
1.98049
0.254935
0.942915
-0.0843565
0.140529
1.02378
1.28616
1.31223
1.45137
1.1133
2.50668
0.726079
1.36794
1.50294
0.297714
1.16295
1.67413
2.1865
0.629373
1.80005
0.428236
0.961311
1.39315
0.664606
1.24434
0.744053
1.76788
0.727717
1.67117
0.622663
0.870707
1.01549
0.931537
2.40183
1.70702
1.11744
0.927832
0.370172
0.886858
0.543962
1.11429
2.01854
0.924794
1.43095
0.867887
1.0269
1.37345
1.42699
0.806774
0.0894772
0.016069
1.28198
-0.0896751
1.0263
1.37665
1.33903
1.45585
0.566958
0.776463
1.43092
1.32521
0.595106
0.371572
1.01856
1.76996
1.46278
0.708077
1.82902
0.965298
1.78098
0.691058
0.997399
1.30305
0.479873
0.122937
0.635027
1.00149
1.33151
0.908975
1.8703
1.66272
0.267487
1.65038
0.569337
0.831434
0.704048
1.91303
0.0230212
1.0314
0.307545
1.7616
1.36466
1.5309
0.559515
1.13439
2.19963
0.394299
1.33861
0.891756
1.42209
-0.0969307
1.52757
1.22307
0.801213
0.846049
1.2059
1.03514
0.428415
0.789657
1.55046
1.13826
0.693197
1.50893
1.69993
1.23261
0.742604
0.53544
1.1243
2.03173
0.490714
0.447792
0.654782
1.66755
2.0603
0.541275
0.996498
1.2897
1.35965
0.667455
-0.0260574
0.623067
0.638398
1.24717
1.91912
0.860496
0.656838
-0.164457
0.409089
0.743543
0.801011
1.20253
1.1021
0.903912
1.25326
1.02986
0.727498
1.02569
0.178331
2.18422
0.728979
2.2982
0.359723
0.559893
0.604528
1.20951
0.875935
0.62383
0.606392
0.10136
1.42185
1.3348
0.276921
0.184986
0.710206
0.567176
-0.221147
1.1605
1.60282
1.17879
1.17757
0.404839
1.399
1.48201
0.162158
1.89034
1.22325
-0.466503
0.724971
1.92897
0.922211
0.0181368
0.72506
-0.128574
0.903719
1.09331
0.837698
1.5903
1.88811
0.524377
0.304132
1.05335
1.48585
1.52677
0.799281
0.454066
1.60012
1.47733
0.796671
0.673617
1.38741
0.606256
0.457499
1.21189
1.09581
0.834641
1.01003
0.811219
1.25607
0.560892
1.46771
1.91816
0.692727
1.35118
0.285848
0.649647
1.0683
0.977572
-0.35491
0.663362
2.62739
1.58447
0.618037
0.981186
1.50365
1.57324
1.50914
0.563805
1.19988
0.201749
1.11941
0.637334
0.454608
0.946872
1.89881
0.291595
2.21929
1.18502
1.40091
0.136699
0.66693
0.607687
1.28294
0.627773
0.524776
1.16036
0.347085
1.62817
1.85953
2.01145
0.815277
1.29269
0.986107
0.97566
0.463088
0.997541
1.53565
0.741655
1.69931
1.51733
1.62386
0.610278
1.42139
0.148837
0.466707
0.769013
0.814814
1.56506
2.02568
1.36562
1.18217
2.26748
0.580022
1.27687
0.957019
1.455
1.47596
1.13218
1.21326
2.17691
1.19241
0.585006
0.923969
1.21899
1.18023
1.62246
0.125087
0.55835
1.37238
1.15417
-0.0143616
1.05206
0.723078
1.20206
0.692943
1.30476
0.752326
0.893735
1.66086
1.05349
1.53681
0.489094
1.33248
1.64659
1.43789
0.395428
1.44437
2.02309
0.879384
-0.00969951
0.762657
0.984242
1.01241
1.60765
0.418247
1.296
0.600217
0.521595
0.540823
-0.331098
1.40527
1.03406
0.573764
0.778901
0.388229
0.924714
1.30885
1.45454
0.782942
1.2732
1.01098
0.786086
1.42562
0.0130029
0.63267
1.39456
0.839242
0.759121
0.230241
0.672762
0.195578
0.916868
1.10664
0.735708
0.709304
1.27362
1.68376
0.304222
0.501301
2.1453
1.84371
-0.05623
1.67948
1.77512
2.22878
1.0176
0.73421
1.53366
0.206743
1.30028
0.248358
1.79552
0.852987
0.53542
0.871307
1.35011
0.681907
2.01202
0.873178
0.372583
1.19984
1.4684
0.456173
1.26226
1.26695
1.08423
1.37578
0.333015
1.05937
1.41011
0.621456
0.714537
0.27969
0.621423
0.912229
1.60768
1.29401
1.04698
1.39577
1.16647
0.407705
1.17839
0.679458
1.91937
0.318875
0.237966
1.00103
1.98677
1.37194
0.56135
0.37786
-0.00200215
1.19761
1.38293
1.70299
1.23109
0.604746
1.30369
1.71913
0.486831
0.224316
0.933652
1.13722
0.44693
1.03749
0.273314
1.12132
0.296256
1.21793
1.1025
0.7665
0.930466
1.32364
0.356029
1.0303
1.63577
1.18894
0.287124
0.448713
0.790818
0.390298
1.07737
1.23557
0.826287
1.14717
1.00172
0.63925
0.316294
1.74558
0.61714
0.0367698
0.509684
0.841169
1.13923
0.489344
1.45622
1.2992
0.524336
0.922971
1.4836
0.99451
0.103114
0.632316
0.381444
1.69288
0.72593
1.00213
0.869918
1.18168
0.838289
0.242574
0.555453
1.38283
0.724489
0.472009
0.166508
1.0818
1.02218
1.00327
1.60792
0.419516
0.909673
1.33614
-0.124913
1.29558
0.588563
1.26942
0.334591
-0.138831
1.14165
0.983769
0.0131183
-0.0865178
1.15537
0.681415
1.85853
0.967857
0.714811
1.15647
0.737318
1.13293
0.378398
1.18035
0.974331
1.603
1.24898
0.544149
1.95071
1.71567
1.07421
0.514691
1.16737
0.775262
1.45232
0.642679
-0.0829897
2.37817
0.88463
0.421559
0.937078
0.9834
0.375484
2.19726
1.14166
0.52998
1.73006
1.37821
0.487797
1.26449
1.18207
1.32362
1.3463
0.915572
0.474424
0.793236
1.03595
0.449899
1.14584
1.92269
1.30506
1.30367
1.32306
0.778881
1.07802
1.09898
0.705798
1.95145
0.715772
0.190045
0.19297
0.990315
0.60902
0.87587
1.69421
1.33722
1.18064
0.575115
1.49609
1.12384
-0.0270849
1.64808
0.836789
0.772478
1.17956
0.699533
1.14019
1.80437
1.3124
1.00198
1.51801
1.36691
0.586082
1.38373
0.644755
2.24798
1.09152
0.978708
0.367178
1.77181
1.17378
0.558055
0.860044
0.795965
0.192096
0.616085
1.02049
0.74305
0.467714
1.45606
1.17061
0.224964
0.516681
0.560073
1.2117
0.0227022
0.922571
0.237987
1.50672
0.460769
0.644613
1.00664
-0.116793
0.705073
0.390651
2.04678
0.145131
1.526
0.865861
0.705193
1.61169
0.694335
1.92881
0.54637
1.04018
0.586033
1.41619
2.45051
1.67291
1.40254
-0.0645661
1.07562
0.98498
0.974619
0.545876
0.0923837
0.581205
0.955307
0.958959
1.01868
1.68493
1.43151
0.813034
1.08483
0.732748
0.528777
1.25673
1.2883
0.234488
-0.242864
0.812977
0.965249
2.07276
0.809281
0.664746
0.833262
-0.235501
-0.431979
0.232148
0.955947
-0.370426
1.47531
1.09573
0.383038
0.91873
0.500909
1.66522
0.687799
1.63661
0.610087
0.94138
1.51007
0.88965
1.50378
2.12915
0.658738
1.40827
0.864688
1.6242
1.04175
0.714787
0.586113
1.04375
1.02691
0.88029
1.59544
1.06975
1.30154
1.2278
0.904753
1.31554
