-0.779408
0.180291
0.83491
-0.564685
0.234162
0.29241
0.562505
-0.717611
-0.827424
0.558108
1.05156
-0.550627
-0.594604
0.950717
-0.890291
-0.987993
-0.244477
0.112315
-0.273229
-0.79713
-0.423203
0.171975
-0.733039
0.702319
0.212026
0.88825
0.108125
-0.0335584
-0.0371657
-0.292935
0.301991
-0.449396
0.408131
-0.253794
-0.411807
-0.156684
1.01101
0.879281
-0.0614496
-0.318317
-1.13041
-0.711526
-0.0340772
0.325088
-0.0042467
-0.430693
-0.466838
0.329767
-0.396295
0.000651093
-0.526567
-0.977873
-0.368604
0.311638
-0.540594
-0.193417
0.296841
0.854146
-0.957479
0.612122
-0.613445
-0.705039
-0.359711
-0.494369
-0.341957
-0.153027
-0.337805
0.478259
0.198104
0.100979
1.13564
-0.868788
0.0863165
0.595674
0.907301
-0.197995
0.640899
0.72994
0.664993
0.0375637
0.00888299
0.0115854
-0.827786
-1.33875
0.684575
0.054033
-0.270924
-0.679131
0.0251628
-0.76983
0.233337
-0.342964
0.0666766
-0.447764
0.662944
0.0483669
0.237633
0.89908
0.114027
-1.21887
-0.0712738
-0.410074
-0.486969
-0.367568
0.476536
-0.3049
-0.706468
-0.0173125
0.230665
0.284169
0.907308
0.119027
0.338389
-0.303478
0.460335
-1.08343
-0.346127
-1.09262
0.579637
0.497486
-0.349592
0.719537
-0.524819
0.652549
0.18715
0.365341
-0.311893
0.258846
0.174507
-0.618782
-0.260781
1.2347
-0.108707
0.320039
-1.06227
-0.239437
-0.451029
-0.307848
-0.448767
-0.33249
-0.226987
0.377432
-0.06362
0.381787
-0.682848
-0.456355
0.29931
0.1461
0.445932
-0.655094
0.183977
0.111191
0.355925
0.303722
-0.481257
-0.346442
0.273997
-0.402096
0.133327
0.414385
-0.0681682
-0.584799
0.417839
0.681296
-0.0073165
-0.177305
-0.329145
-1.12708
1.1664
-0.618075
0.270852
1.00598
-0.464976
-0.5658
-0.591363
0.537683
-0.386639
-0.150489
-0.44398
-0.912384
0.245417
-0.802144
0.85991
0.167753
0.291564
-0.596297
-0.325342
-0.257554
0.14428
-0.185891
-0.395153
0.295828
0.0721421
-0.797606
0.260703
0.396095
0.531143
-0.446433
0.7073
0.207401
0.284809
-1.11426
0.144865
-0.121237
-0.209343
-1.20822
-0.185013
0.106623
-0.100784
-0.334765
-0.00776532
0.473982
0.883205
-0.53377
0.31933
0.0342514
-0.789841
-0.619949
-0.140623
1.22377
0.918503
-0.917704
-0.715687
-0.0924419
-0.141913
-0.23616
-0.706087
0.297194
-0.0284937
-0.544759
-0.248134
0.139948
-0.254038
-1.01744
-0.549603
-0.3661
0.352392
1.19381
-0.218717
0.0468078
0.16885
-0.214063
-0.406771
-0.306191
0.278511
1.08278
-0.295022
0.217864
1.10149
-0.617487
-0.72769
0.0235347
-1.02083
-0.636321
-0.495433
-0.227705
-0.0386145
0.163688
0.177383
-0.657891
0.357003
1.02851
0.34476
1.07526
-0.953601
0.292726
0.24907
0.467634
-0.0189966
0.585106
-0.899886
0.170992
0.614549
-0.575652
-0.0673505
-0.962597
0.711404
0.99618
-0.092543
0.267469
-1.17449
0.15507
-0.409003
0.0294406
0.283173
0.202032
0.227073
0.706615
0.168077
-0.713
-0.746541
0.0992566
0.0944347
-0.941036
-0.446099
-0.920981
0.738252
1.14785
-0.338551
0.0176776
-0.122383
-0.311588
-0.738016
0.045955
0.245973
-0.811135
0.497942
0.0207737
0.623795
-0.759367
-0.530848
-0.208186
-0.590688
0.418081
-0.738671
-0.359046
-0.970278
0.12156
0.616932
0.104769
0.0537693
-0.692788
0.282509
0.273149
1.02333
0.506678
-0.206679
0.367626
0.175219
0.278306
-0.735547
-0.222609
0.257101
-0.0198761
0.490427
0.703075
-0.789812
0.544044
0.622136
0.44352
-0.215009
0.664278
-0.361221
0.316327
-0.535979
0.788473
-0.067359
0.57564
0.949913
0.516386
-0.587403
0.673332
-1.58675
0.154582
0.0915994
0.660379
-0.331753
-0.797817
1.33304
-0.837491
0.042964
-0.629147
-0.729891
-0.581984
0.347088
0.145112
-0.0493066
0.0622064
0.101241
-1.14737
-1.18411
-0.677445
1.07296
0.907366
0.00580754
0.454641
-0.167973
-0.481506
-0.0977999
-0.532104
-0.617136
0.636299
1.0483
0.389118
0.318879
1.25235
0.0288488
0.447041
0.248536
0.616982
-0.651118
0.51759
-0.248538
0.49213
0.505869
-0.581074
0.131112
-0.22987
0.492674
0.527587
0.169606
-0.935567
-1.42834
-0.872515
-0.514788
0.298951
-0.0585732
0.0650978
-0.934729
0.161512
0.619927
-0.916405
0.11707
0.580409
-0.643186
0.572014
-0.502791
-0.0369261
0.642014
0.602947
0.951211
0.34537
-0.474182
1.01699
0.617663
0.372724
0.212978
-0.548726
-0.100627
-0.157853
0.410109
0.416711
0.421262
0.0544695
-0.165687
-0.989953
0.490896
-0.202751
0.268048
0.625532
0.0769548
-0.980786
-0.107365
0.218527
0.0743566
-0.0076878
0.0597466
0.364496
-0.502655
-0.23418
0.979646
0.534409
-0.862406
-0.704099
0.396238
0.21578
-0.457984
-1.21337
0.483623
0.562385
-0.0455555
0.121116
0.774408
-0.0708187
0.575005
-0.790726
-0.329234
-0.154595
0.727489
0.632476
0.0546551
-0.00232115
-0.706438
0.789724
-0.368662
-0.285992
-0.165931
1.27067
0.552312
0.347144
-0.572663
1.26252
-0.331916
0.29767
0.345987
-0.0170838
0.274596
0.843386
0.32153
-1.11111
0.00196561
-0.503165
0.574661
0.0184851
-0.484345
0.151269
0.190254
0.345876
-0.61816
0.754855
0.183009
0.587395
0.423172
0.0227205
0.521552
-0.116266
-0.932368
-0.0376851
-0.393323
-0.645687
-0.336238
-0.12544
-0.732767
0.47349
0.819505
0.930399
0.359993
0.209355
0.366475
-0.180223
0.324143
0.233287
-0.591737
-0.945413
0.295375
-0.494968
1.20179
-0.242217
0.154176
0.767765
0.493748
-0.0351953
0.0408635
0.0151345
-0.685992
-0.110073
1.18524
0.229811
-0.0419037
1.39548
0.0249968
0.194037
-0.357629
-0.357385
0.236789
-0.689392
0.25359
0.486387
-0.0558058
-0.0526253
0.775171
-0.095431
-0.594841
0.111604
-0.724083
-0.0227579
0.967632
0.29412
0.309179
-0.0481519
-0.467415
1.21753
-0.155307
0.319398
-0.116639
-0.183453
-0.768028
0.23246
0.860656
0.280448
-0.410463
0.431616
-1.21718
-0.329204
0.568952
0.477732
0.904889
0.332877
-0.458873
0.215527
0.342159
-0.890781
1.15403
-0.598677
-0.246603
-0.395277
0.81216
0.418761
0.336746
0.255826
-0.0701574
0.0295225
-0.269469
-0.646397
0.899699
-0.723725
0.17029
-0.42297
0.287591
0.33192
-0.400856
-0.192934
0.191422
-0.0333859
0.455621
0.97594
0.764083
0.804105
0.814
-0.554528
-0.017929
0.255875
-0.326298
-0.458259
0.461479
-0.434929
0.747142
-0.0648856
0.665291
-0.732942
-0.0796808
0.288609
0.106063
-0.433367
-0.0635917
-0.035455
-0.256103
-0.235193
-0.238016
0.242926
0.830318
0.375113
0.373007
-0.552574
-0.201785
-0.540339
0.0885147
-0.630818
-0.196709
-0.46276
-0.199573
1.23344
-0.653362
0.359913
-0.644414
0.304625
1.49483
-0.14345
0.482848
-0.738525
1.83032
-0.274234
0.103997
0.808818
0.0227319
-0.620347
-0.0168075
-0.792021
-0.811798
-0.366737
-0.675187
-0.0840743
-0.53744
-0.660252
0.203171
0.645804
0.404776
0.180499
-1.01039
0.118718
1.01248
-0.714339
0.31098
0.250333
0.0148559
0.503367
-0.239335
-0.825797
-1.81649
-0.0377302
0.0607113
-0.239856
0.323508
0.424413
0.468295
-0.119743
0.0588463
-0.728874
-0.613701
-0.533167
0.300657
-0.155227
-0.804701
0.297816
0.389965
0.684966
0.0913472
0.298163
-0.0045609
0.0678615
1.14416
0.251089
0.176633
0.680541
0.0922618
0.492346
-0.107272
-0.114897
-0.0681253
0.493061
0.395718
-0.0115615
0.941496
0.515412
-0.315762
0.146685
-0.434535
0.549578
-0.0294959
0.198653
0.593363
-0.441316
0.508031
0.945584
-0.494077
0.680067
-1.03542
0.754925
-0.483923
-0.0653785
0.581334
0.0956414
-0.038506
-0.112712
0.233603
0.673225
1.40661
-0.580803
-0.63118
-0.485701
-0.0759799
0.264841
-0.0773358
0.305889
0.612903
0.331012
0.360307
0.768056
0.895853
-1.1766
0.21602
1.57817
-0.20473
0.0946381
0.709783
0.723957
-0.227173
0.469982
-0.477787
0.514805
-0.640526
-0.141966
0.211772
0.0926892
-0.456142
-0.43773
0.162842
0.0456194
-0.00304805
1.22973
0.258886
0.164001
-0.917373
0.129951
-0.222159
-0.438702
0.553778
0.168672
-0.43409
-0.0367044
0.413102
-0.0685796
0.551798
-0.35222
-0.478763
-0.735294
-0.391077
0.228979
0.534444
0.13051
-0.327721
-0.75404
-0.70768
0.12751
-0.0843928
1.11053
-0.429967
0.839479
-0.538665
0.344446
-0.783293
0.233553
-0.735771
-0.0112124
0.531677
-0.692831
0.0928259
0.279593
-0.903123
-0.376892
0.0685102
-0.430563
0.149116
-0.115896
-0.271278
0.0965865
-0.0334785
0.302009
-0.0704721
1.24542
0.0937798
0.118589
-0.400698
0.00840202
0.447897
0.156863
-0.725548
-0.563727
-0.325905
-1.29564
1.69585
0.921014
0.121521
-0.179804
-0.465568
-0.679048
0.255323
0.0686569
-0.420231
-0.809391
-0.817898
-0.835927
1.27588
-0.34077
0.95022
-0.850048
-0.594194
-0.713162
0.302763
0.282892
-0.215961
-0.403402
0.528307
-0.00283004
0.128188
0.000598265
-0.936438
-0.381205
0.190165
0.238615
-1.1483
-0.981278
0.0790725
-0.764951
0.356715
-0.551134
0.349554
-0.0272836
-0.591872
-0.023123
-0.750368
0.118275
0.0166416
0.424081
-0.218359
-0.576993
0.495962
-0.0930951
0.507039
0.152362
-0.456878
0.00185162
-0.352281
-1.18817
0.963889
-0.485892
-0.0427465
-0.645908
-0.0459892
0.293564
1.17288
0.0543108
-0.341748
0.387479
0.693668
-0.298067
0.465975
0.287696
-0.128803
-0.0609257
-0.833895
-1.00181
0.558792
0.370142
-0.338786
-0.573277
-0.0264124
0.435077
-0.301023
0.601525
0.327981
0.578795
-0.776042
-0.254963
0.267604
-0.686249
0.388051
-0.223934
-1.3451
0.960655
-0.61531
-0.441616
-0.129783
0.482325
0.27577
-0.807306
0.343852
0.676492
-0.36508
-1.44395
0.562876
0.872832
-0.799666
0.368822
0.497308
0.494403
-0.291652
0.25295
-0.34738
0.312192
-0.348211
0.233911
-0.111483
-0.0634069
-0.0511562
-0.20363
-0.784408
-0.41545
-0.735119
-0.612964
0.0548534
-0.0912457
0.0309625
-0.0326745
0.153312
-0.22367
0.388137
0.1672
-0.910259
-0.77007
-0.232174
-0.435964
0.994724
0.729818
0.253693
0.0570648
-1.03629
-0.627535
-0.189454
-0.461741
0.179585
0.530706
0.154187
0.963008
0.0284241
0.605969
0.0281886
-0.122419
-0.0887786
0.372627
-0.150574
-0.11369
-0.855649
-0.824658
0.550487
-1.25653
-0.101754
0.258122
0.248199
0.483815
0.83295
-0.207824
0.140072
-0.129921
-0.0399898
0.431603
-0.0141417
-0.0748071
-0.299549
-0.24924
