0.168569
-0.325642
0.126639
-1.25943
-0.209528
-1.24775
-0.0564474
-1.66515
-1.00818
0.0644189
-0.546887
-1.11183
-1.89278
-0.794605
0.143797
-1.6423
-0.0234425
-0.124156
-0.257546
-0.337855
-0.665598
-0.276866
-1.30113
-0.409243
-2.19335
-0.0270002
-1.29969
0.4239
-1.67913
0.529173
0.409161
-0.434817
-0.571908
-0.121114
-0.358997
-0.103372
-1.02743
-1.44798
-1.25638
-0.402136
-0.444514
-1.23054
-0.69594
-1.05781
0.317811
-0.514371
-1.22046
-0.34427
0.333462
-0.4301
-0.279519
-0.249904
-0.995796
-0.846733
-1.49557
-0.106069
0.0239219
0.627977
-0.149025
-0.495106
-1.73252
-2.24852
-0.697453
-1.56107
-0.655104
-1.68153
0.01561
-0.165731
-0.02516
-1.34774
-0.334213
-0.791397
-0.59671
-0.727404
-1.87347
-0.222705
-0.641916
-1.27831
0.377546
1.24481
-1.83951
-0.605279
-1.66815
0.520251
-1.11703
-0.296105
-0.315604
-2.39506
-1.37166
0.845648
-0.343993
-1.22894
-1.19983
-0.218357
0.462892
-0.203534
-0.725514
-0.260025
-0.833567
-1.11582
