-3.49498
-2.87532
-3.15422
-3.42232
-3.27685
-3.10596
-2.38459
-2.66262
-3.37742
-2.87678
-2.89805
-3.37631
-2.40648
-2.9379
-3.53838
-3.38865
-2.95853
-3.08765
-2.18833
-3.18224
-3.01812
-2.80005
-3.01382
-2.82985
-2.88329
-2.65055
-3.47442
-2.77106
-2.42273
-2.84412
-2.75133
-2.80953
-3.55306
-2.56136
-3.09581
-3.50906
-2.9971
-2.93455
-3.43078
-3.19854
-3.53927
-3.40039
-3.3358
-2.8405
-2.63569
-3.59354
-3.35064
-2.90051
-3.52579
-3.12256
-2.92738
-3.27085
-2.77597
-3.07845
-3.47005
-3.25614
-2.90552
-2.76817
-2.92533
-2.90559
-3.06858
-3.31135
-3.53071
-2.74428
-2.7712
-2.97163
-3.43932
-3.5625
-2.55782
-2.62488
-2.34205
-3.19675
-3.41175
-3.05115
-2.95034
-2.64143
-3.21057
-3.00709
-2.64026
-3.34328
-2.6335
-2.89888
-3.33811
-2.56118
-3.08416
-3.23147
-2.72671
-3.09522
-3.24551
-3.66275
-3.0178
-3.11137
-2.80898
-3.0064
-3.16468
-3.09564
-2.96465
-3.11995
-3.36229
-2.75794
-2.4346
-2.9677
-3.0618
-2.68572
-2.97141
-2.62207
-2.77867
-2.86679
-2.8798
-3.46239
-2.97779
-2.65991
-2.98175
-3.60648
-2.51299
-2.63824
-3.1989
-2.90684
-2.74926
-3.02003
-2.69428
-3.23289
-3.18214
-3.20298
-2.75567
-3.25654
-2.34646
-3.30422
-2.72095
-3.49776
-2.97134
-2.56237
-2.9431
-3.33709
-3.03031
-2.79498
-2.2021
-3.43165
-2.95374
-3.2801
-3.52246
-3.03246
-2.69604
-3.33249
-3.24145
-3.33629
-2.9633
-3.16545
-3.68807
-3.26752
-3.44013
-2.5304
-3.33783
-2.59916
-2.42651
-3.72536
-3.20893
-3.3289
-2.88631
-3.31984
-3.10178
-3.25803
-3.01822
-2.97901
-3.07334
-2.75127
-2.93364
-2.89645
-2.71267
-2.76162
-3.10104
-3.57856
-3.04654
-2.71098
-2.35044
-3.17847
-2.9798
-2.92848
-3.51438
-3.20162
-2.71025
-3.36339
-2.684
-2.47014
-3.23155
-3.17248
-3.05821
-3.30616
-2.9369
-3.32962
-2.1989
-2.85568
-3.18668
-3.3669
-3.08163
-3.30143
-2.2416
-2.68758
-2.62014
-2.78654
