2.43194
2.22763
2.36277
3.63626
2.38611
1.06751
2.51973
0.922143
1.57184
2.33181
1.62355
2.57882
2.12148
1.67854
2.3698
3.35444
3.03242
2.32808
2.69896
1.5378
2.13423
2.08032
1.80125
0.619311
1.45997
2.62423
2.97681
1.81332
2.63722
2.31498
2.65408
1.67404
2.76034
2.62625
2.7733
1.64794
3.11527
1.09598
2.62609
2.59155
1.47757
2.38824
2.2227
1.59473
2.00897
1.45423
0.962799
2.79761
1.13094
1.63734
2.43148
1.28863
2.24773
1.47731
2.30178
1.68181
2.63131
1.00246
3.32283
4.28873
2.2919
3.30591
1.8047
0.926151
1.50974
2.30156
2.58628
2.38237
0.726967
2.43655
2.23677
2.60353
2.76443
2.68542
2.28063
1.52345
2.10827
1.86306
2.78526
2.45997
2.30769
1.80886
2.91368
1.38212
2.71842
2.38923
2.51512
2.03624
2.68896
1.44307
2.00128
1.78955
2.85749
1.57284
2.16267
1.99229
1.90246
2.40203
2.13951
2.8271
1.69377
2.03896
1.41741
3.30284
3.28933
2.41394
3.18049
2.94957
1.62906
2.45207
3.67242
1.76422
1.86756
2.05175
2.40877
1.25367
1.53461
2.39817
1.77486
1.75847
2.63241
2.14102
0.904347
1.28426
1.7884
2.30677
2.93594
1.66637
2.02804
2.15743
2.10305
1.5511
1.22705
2.38943
2.30243
2.83167
1.73736
1.88054
2.4547
1.22574
1.83826
1.96527
2.46654
1.48802
1.01584
1.46132
1.93851
2.2062
2.55571
1.07791
1.70038
2.16757
2.65189
3.17981
1.22656
1.87353
1.6285
3.35939
2.53176
2.29015
2.05544
2.32742
3.21257
1.14663
1.95867
3.06513
1.58056
1.84043
1.25584
3.32652
2.52254
1.39685
2.41193
1.81237
2.5372
2.46941
1.54828
1.94369
2.26273
1.89785
1.69818
1.85648
2.49252
1.80285
1.49652
0.906672
2.04522
2.02271
1.96591
2.29402
2.43659
1.22698
1.57458
3.15657
2.03897
1.635
1.39035
1.93254
2.6886
3.37474
3.13778
0.667458
2.02142
3.23429
2.89428
2.66144
1.42075
2.40372
3.39243
2.06489
2.7803
3.56139
2.82834
3.27987
1.65152
2.30665
2.89448
2.01578
2.22686
2.59186
2.22672
2.5471
1.79199
2.07606
2.0095
3.0977
2.44083
2.92819
1.45107
2.67268
2.85599
1.506
1.50734
3.71141
2.17499
2.08714
2.42421
2.84653
1.68372
1.87549
2.73177
3.31069
2.5702
2.06814
2.19535
2.85696
0.414046
2.71449
2.03765
0.664162
1.61361
1.9604
2.0826
2.39291
2.01855
2.86586
2.114
3.15794
2.36794
2.25507
2.44636
2.66931
2.29203
1.82993
1.29336
1.12266
2.84188
2.15863
2.22883
1.81614
2.0045
1.83859
2.56278
1.52835
1.76446
1.77331
2.43488
3.21076
2.22429
2.55486
1.22246
2.67935
1.17894
2.61439
2.42536
2.47447
2.73872
1.25912
2.30229
2.02476
2.54717
1.68945
1.50002
2.20917
2.37746
2.93236
1.64802
2.31027
1.66053
2.25128
2.94243
2.54103
2.05829
0.940292
1.70205
2.4848
2.20725
2.81533
2.31165
2.01383
2.48652
2.10391
1.58985
1.84025
2.34069
2.80727
3.03526
3.0205
1.93892
1.84069
2.08421
1.78946
3.01512
2.99911
1.88286
1.24767
2.15989
3.81962
1.60405
2.23535
2.19262
1.23187
1.60557
1.62886
2.54092
2.38289
2.32204
0.607795
3.2393
2.79176
1.76475
2.46516
1.58224
2.65418
1.68616
2.05557
2.85231
2.59964
2.19672
0.640896
1.97
2.10051
2.53734
1.80862
2.20828
2.77284
2.14167
1.88608
1.5571
1.75636
2.63608
2.68369
1.44368
2.04423
2.5113
2.11813
2.45849
2.32456
2.11625
2.04698
2.41104
1.37459
2.37295
1.30001
2.45603
1.80097
1.82486
2.37247
2.33049
2.69044
2.83125
2.45208
2.96608
1.65194
2.08453
3.12803
1.89665
2.17268
1.28264
1.84406
2.45935
2.24115
3.05332
2.49441
2.76662
1.512
1.35631
1.70533
1.25321
1.90825
1.95276
2.19611
2.45142
2.6821
2.10692
1.96253
3.00261
3.71991
2.81746
2.80939
2.99772
2.88134
2.04816
2.14733
2.28337
2.26088
1.56618
1.92775
2.02716
2.33521
2.09041
1.83584
1.79374
2.12636
1.71169
2.4067
1.60064
2.74115
1.13931
2.51915
2.67649
1.95012
2.57081
2.75754
2.49468
2.57012
3.1177
1.47106
1.75843
3.52844
2.13384
2.9918
2.43408
2.18299
1.82456
2.40389
2.83287
2.30034
2.50104
2.59216
1.81953
2.32096
2.38363
1.95194
3.06679
2.59199
2.75331
2.00674
2.77107
2.23304
1.37303
2.43332
2.2799
2.562
2.68905
3.05444
2.17475
2.44728
2.57782
3.34312
2.79264
2.69154
2.01199
1.64972
3.07172
2.21278
2.12381
2.10827
2.68328
3.23768
1.64538
2.34492
2.7373
3.17669
2.35817
1.46543
1.57177
2.32582
3.23417
1.66229
2.6048
1.98151
2.66357
1.36048
1.10413
2.28338
2.17613
1.54288
2.43579
2.34759
2.13084
2.76244
1.49327
1.74892
2.60268
3.20072
2.89093
1.98072
2.71936
1.5001
2.54804
2.09734
2.4766
1.46714
2.51799
2.2497
1.77115
2.53778
2.26478
2.39473
2.13478
2.50893
3.03924
1.51829
1.99368
2.98675
2.26856
2.11946
2.94723
1.12406
2.49437
1.96112
2.46059
2.81467
2.18629
3.06291
2.39474
2.44215
2.36139
2.73435
3.15346
2.7495
1.03509
2.69544
1.4942
2.76027
2.01996
2.0444
0.753845
2.28558
2.79192
2.07024
2.57405
1.75974
2.61952
1.91916
1.84017
2.70991
1.02951
2.29895
2.78704
1.38877
1.33682
1.23493
2.2878
2.31518
1.83069
1.35174
2.60982
2.68237
2.50228
2.26034
2.85699
2.38073
1.90651
1.44677
2.68453
2.80081
1.49196
2.49559
3.30501
1.36004
2.19139
1.83887
2.11601
2.09083
2.18811
1.16552
2.43336
1.83638
1.60361
2.52575
3.32559
1.79501
1.91642
2.42619
2.28727
1.60279
1.7277
3.20172
2.51416
1.48414
2.1215
2.18136
2.80942
1.67844
2.76754
1.85295
0.981969
2.67023
0.936829
1.5562
2.63498
2.4021
2.43096
2.03691
1.47371
2.57795
2.18369
1.83898
2.31606
2.39593
1.59612
2.34247
3.21555
1.53696
1.23854
1.93373
1.43817
1.78221
2.62573
2.82215
2.03134
2.17917
1.70334
2.68087
3.31837
2.39168
3.50377
1.38635
2.84665
1.94416
2.85264
2.79959
1.24057
2.92099
2.84086
2.87007
1.63922
1.33406
2.63987
2.58686
1.77912
2.00309
1.94078
2.58042
1.86843
2.07143
1.09863
1.92445
2.39827
1.90404
3.02778
2.48891
1.66341
3.41221
1.6614
3.18841
2.18306
2.74915
2.3197
2.01505
2.5081
1.63387
2.3198
2.73423
2.33049
2.24209
2.55695
2.5315
3.02593
1.74317
2.66972
1.04412
1.97211
1.5515
2.56861
2.00004
2.50709
1.67456
1.73127
1.59846
2.98316
1.25495
1.07942
1.72629
2.56641
1.65023
2.62843
1.61021
1.97401
2.40527
1.56365
1.78149
1.53292
2.24015
2.65175
1.47625
2.33039
1.986
1.31039
2.63443
1.44658
2.13694
2.98582
1.62521
2.448
3.14323
1.50705
2.23718
1.64919
2.06864
1.08897
2.46638
3.10649
1.69089
2.42315
2.11147
1.32506
1.94351
1.86799
2.40531
1.25035
2.4627
1.53419
1.93722
1.76581
2.05721
2.41059
1.35713
1.86357
3.93309
1.63372
2.51847
2.33619
2.38472
2.42701
2.22473
2.41637
1.99812
3.47593
2.34602
1.91669
1.28057
1.90697
1.16413
1.33049
2.37644
2.86393
1.64845
2.04665
2.3974
1.62095
0.946743
2.09767
2.53634
3.26267
1.32404
2.8005
2.18084
2.68111
3.35054
1.33211
1.86122
1.7149
2.3212
1.45354
1.47468
1.49251
1.2925
2.05753
1.60985
2.11958
1.86102
1.59125
2.02244
2.04213
2.8648
1.72612
3.17112
1.51745
2.70924
1.98058
2.16325
1.67336
2.48041
1.97595
2.95186
2.39726
3.43946
0.567716
1.14582
1.64017
1.82812
2.29408
2.72284
2.71472
1.93042
1.06375
1.48395
1.40435
2.74817
1.47121
2.53026
2.25948
1.87146
2.02416
2.66303
1.93889
1.73198
2.68977
1.38
2.38649
3.03441
2.651
3.26874
1.6731
1.99362
1.97207
2.77188
3.56838
2.01136
2.60765
2.17531
2.59282
1.67838
2.13227
3.13531
2.1476
0.612758
3.09473
3.35023
1.97191
1.73932
1.60809
1.76415
2.58617
2.15172
3.29852
2.68684
1.71109
2.3702
2.90948
2.48041
1.1314
3.23598
1.71388
2.35968
2.85723
0.954145
2.20897
1.40951
1.64997
0.981575
2.14452
2.28857
2.33237
2.71113
2.81168
2.8462
1.19599
1.72859
1.82264
2.03674
1.97666
1.68662
1.73459
2.71345
1.15774
1.53094
2.08781
2.30907
2.19974
0.621375
1.78776
2.23927
1.87168
2.98619
2.1784
1.50074
2.48221
2.65915
2.79948
2.79685
2.3754
1.98249
0.707027
2.07057
1.80307
2.6831
2.769
2.21074
2.09789
2.78086
2.2773
1.89003
2.32073
2.70326
1.45781
2.7577
1.96057
2.03566
2.11079
2.05176
1.39081
3.62783
1.42116
1.99777
2.6402
2.83148
1.79904
2.60256
2.48303
2.18405
2.32095
3.26275
1.92077
0.639779
1.34403
2.70356
1.82044
1.9325
1.40097
1.41293
2.55715
2.46005
1.90421
2.66126
2.91436
1.8097
0.972186
1.48992
2.62162
1.90995
2.15684
1.96917
1.79488
1.53098
2.03607
2.72513
1.69029
2.68493
2.04532
2.03128
1.94226
2.09525
2.10686
1.71033
1.51383
1.81945
2.56402
1.24543
2.41356
2.27661
2.54008
2.3461
2.69125
2.10381
1.90255
1.44265
2.87454
2.87802
1.82893
1.75291
2.21283
1.94966
3.59769
2.66967
1.76657
2.49065
2.35174
1.91821
3.07325
1.87555
2.98368
1.92744
3.02938
1.94517
1.89499
3.01802
2.5231
2.80653
2.15896
2.30279
1.67134
2.33598
2.51592
2.30687
2.0545
2.25196
