-0.04078
-0.841035
-0.782208
-0.200077
-0.802684
0.308056
-0.214985
-0.182442
-0.436134
0.166749
-0.31476
0.00428259
-0.876485
0.606278
-0.300349
0.647555
0.553875
-0.480496
-0.392823
0.35501
0.620081
-0.368747
0.427412
-0.131251
-0.110937
-0.655738
-0.0308942
1.20468
0.0386772
-0.7667
-0.390277
0.637303
-0.0495183
0.560988
-0.629305
-0.237858
0.0491044
0.300326
-0.51016
-1.10378
-0.699165
0.0383537
0.489949
0.742484
0.458412
0.0335708
-0.12543
0.0819832
-0.424896
0.633075
0.444562
-0.104597
-0.213571
0.154073
0.0927019
-0.959384
0.18069
0.504144
-0.528797
0.028342
0.630841
-0.0704827
-0.385505
0.442328
0.270239
-1.17146
0.0914443
0.268719
0.187618
-0.139885
0.0316205
0.325514
-0.86441
-0.879159
-0.756183
-0.71411
0.409265
0.205326
0.00459733
-0.864877
-0.283639
-1.14614
-0.241405
-0.33468
-0.0842719
-0.399084
-0.442192
-0.00106974
0.771286
0.761893
-0.583005
-0.456002
-1.31693
-0.381242
0.633213
-0.0367326
-0.764314
0.233887
-0.459052
-0.852429
-0.00288296
0.0527431
-0.00992316
-0.568127
-0.47282
0.895891
-0.469192
0.496669
0.397891
-0.364375
-0.406864
-0.09551
0.769399
0.692781
0.174351
-1.04667
-0.81385
-0.443567
-0.0157962
-0.631033
0.745631
0.27534
-0.0824556
-0.0128812
-0.751137
-1.02802
-0.616308
-0.860296
0.415631
0.304877
-1.8632
-0.527221
-0.793394
0.736781
-0.108313
-0.502665
0.422122
0.595923
0.421526
-0.560325
0.115104
-0.685636
-1.60293
-0.378873
-1.10617
0.0844789
0.222544
-0.163975
0.304145
-0.35331
0.324926
0.0723108
-0.0298074
0.286432
-0.508495
-0.0128121
-0.421338
-0.747571
0.185367
-0.364265
-0.843981
-0.126084
0.643722
0.697936
0.124849
-0.523581
0.662776
-0.784084
-0.26183
0.819067
-0.204165
0.0136956
0.305074
-0.219822
-0.240829
-0.271597
-0.419001
-0.101988
0.323093
-0.141943
0.451814
-0.27275
0.266224
-0.495889
-0.320659
0.853657
0.0688666
-1.22447
1.1072
0.140009
-1.14882
0.941238
-0.98721
-0.318223
-0.448652
-0.497548
-0.492175
-0.492007
0.546753
-0.0121028
-0.570442
1.19363
-0.959073
-0.152832
0.53295
0.12087
0.705994
-1.26842
-0.135259
-0.775288
-0.198756
-0.299326
0.636831
0.669835
-0.278646
0.632444
0.271067
0.72898
0.396734
0.144027
-0.525502
0.133604
0.322337
-0.425638
0.750081
0.598271
-0.901424
-0.300712
0.289654
-0.173356
0.282518
-0.394589
-0.814424
-0.101294
-0.244574
0.314102
-1.34352
-0.218647
-0.407001
0.15468
-0.742463
-1.08995
-0.0188822
-0.867459
0.593135
-0.406791
0.710836
0.442578
-1.08751
-0.702441
-0.254667
0.0805012
-0.691066
0.50881
-0.306665
-0.809877
-0.606092
0.0866559
-0.0223102
-0.44894
0.317527
-0.411851
-0.308247
-1.15977
0.169215
0.566173
-0.68985
0.0375879
-0.551079
0.30997
0.531263
-0.577603
0.04306
-1.3186
0.120188
-0.740759
-0.63685
-0.268112
-0.310462
-1.04781
-0.318432
0.326991
0.215175
-0.615013
-0.0432793
-0.46877
-0.0016264
-0.980791
0.543742
-0.592051
0.227625
0.490806
-0.117231
-0.322143
-1.07359
-0.434386
0.393564
0.187033
0.516148
-0.448715
-1.07656
-0.438731
-0.439146
-0.43144
-0.567751
-2.2285
0.839385
-0.0294527
-0.22969
-1.02628
-0.190312
0.0337436
-0.111659
-0.530348
0.0579287
0.199055
0.974894
0.0963945
-0.202066
0.0614636
0.444644
-0.254202
-1.01965
-0.537096
-0.43212
-0.670672
0.301347
-0.721763
0.447095
0.489831
0.0128214
0.631862
0.67643
-1.42746
-0.543517
-0.624083
-0.287359
-0.0466784
-0.69915
0.709667
-0.796762
-0.140444
0.970016
0.131539
-0.0813157
1.37396
0.0909367
-0.051258
0.3376
-0.559112
-0.407031
-0.732961
0.141483
-0.226904
-1.15496
-0.30466
0.601952
0.398855
-0.0174448
-1.07936
-0.0596824
0.137882
0.554842
0.0218736
-0.233495
0.0807308
0.627147
0.278269
-0.340161
-0.176165
0.643313
0.0912647
-0.174776
-0.723335
-1.14157
0.816438
-1.26172
-0.48495
-0.409213
-0.362353
-0.124604
0.518615
-0.771314
-0.586787
1.40736
-0.395258
0.263198
0.252309
0.557603
0.0637821
0.548186
-0.785963
0.882314
0.45279
-0.220405
0.264418
0.246178
0.40028
-0.325208
-1.05441
-0.19652
0.437006
-0.693782
-0.178442
-0.992901
0.30601
-0.459981
0.131786
-0.208347
0.167753
-0.190695
-0.282121
-0.286958
1.01856
0.617857
0.194355
0.250711
0.0696412
0.0591517
1.37334
-0.853604
0.829529
-0.514299
-1.35344
-0.196711
-0.583568
-0.106155
0.306045
-0.0693662
0.672893
-0.727759
-0.853977
-0.756892
0.806318
0.888626
-1.14871
-0.0279399
-1.01697
0.767017
0.420823
0.154624
-0.692579
0.72389
-0.114534
-0.00352345
-0.281704
-0.479049
-1.10709
-0.220297
-0.967534
-0.341181
0.460905
0.150468
0.118995
-0.534739
-0.513793
0.0902868
-0.793037
-0.464441
-0.157554
-0.0631186
-0.568635
0.229926
0.299342
-0.251603
-0.0977968
0.516047
-0.146325
-0.0421096
0.668469
-0.143664
-0.465115
0.577654
-0.12349
0.931692
0.979227
0.293376
-0.0857992
1.02104
-0.403262
-0.538572
-0.388441
-0.294781
0.131872
-0.797718
-0.561253
-0.943943
-0.305546
-0.396946
0.233734
-0.631431
0.0361805
-0.390944
0.097287
-1.05023
0.12319
1.1972
0.725816
-0.0186492
0.363128
0.237018
-0.439706
0.429485
0.246396
-0.104674
-1.02925
-1.07988
0.241052
-0.475817
-0.00357087
0.0391166
-0.417577
0.148112
0.101306
-0.313921
-0.344988
-0.0358321
-0.0157818
0.899261
-0.162383
-0.858672
-0.40569
0.047495
1.39089
-0.684495
0.56493
0.708645
0.590012
-0.0549069
0.356665
-0.774191
-0.598747
-1.14791
0.51172
0.0852461
0.163173
-0.0875441
0.217021
-0.179559
-0.674675
-0.407618
-0.0631443
-0.531467
-1.06949
-0.970526
0.378117
-0.977571
-0.211673
0.19372
0.571148
-0.985787
-0.382085
-0.196534
-0.09302
0.33298
0.561074
-0.77512
-0.666368
-0.290407
0.0859217
-0.116374
-0.891754
0.247983
-0.696868
0.143159
0.473358
0.710032
0.106605
0.293984
-0.206206
0.52486
-1.09622
0.198881
1.40799
0.773735
0.56209
-0.4113
-1.3532
-0.645749
-0.330099
-0.0328801
0.410813
0.258274
-0.182316
0.924
-0.355095
-0.17717
0.202676
-0.808766
-0.15521
-0.857412
-0.234163
0.315785
-0.3737
-0.0770674
-0.509914
-0.106348
0.54509
-0.210157
-0.183103
-0.559522
0.412524
-0.0350227
-0.0407917
-0.389886
0.276716
0.521224
-0.574981
0.657636
0.516829
0.533933
1.01373
0.52415
0.693918
0.140702
-0.0145465
-0.186863
0.377834
-0.692791
0.0632034
-0.733939
0.0744059
0.172229
-0.297021
-0.820931
-0.594831
-0.196353
0.0319864
-0.801733
-0.66151
0.771352
0.761774
0.444593
-0.406128
-0.289982
-0.855444
0.351101
-0.278945
-0.118072
1.06587
0.484282
-0.636938
-0.0739365
-0.220327
-0.929649
0.297577
0.301208
0.484951
0.754577
-0.759941
0.418513
-1.381
-0.677234
-0.748685
-0.0374387
0.0357728
0.167274
-0.291375
-1.45487
-0.821684
-1.06441
-0.552829
-0.343337
-0.505267
-0.123682
0.169762
-0.541293
0.0950343
-1.2372
-0.0216193
-0.347612
0.186007
-1.0517
0.64614
0.105052
-0.374103
-0.228695
-0.274253
-0.0899318
-0.271859
0.31458
-0.194179
-0.293157
0.452887
0.0210303
0.727632
0.285148
-0.812826
1.0164
0.283694
-0.402763
0.21914
1.51312
0.448707
-0.63829
0.751579
-0.31753
-0.107948
0.127684
0.107473
-0.219217
-0.867282
-0.541735
0.468922
-0.978769
0.269298
-0.625638
-0.450229
-1.34384
0.233551
0.70395
-0.512307
-0.134619
-0.374989
0.821647
-0.857119
-0.757744
-0.679729
-0.493349
-1.30409
0.197437
0.817231
-0.941508
0.423438
-0.0537666
-0.248605
-0.207415
-0.817511
-0.226194
0.811551
-0.393916
-0.302674
-0.399406
0.798711
0.00832747
0.46882
0.30354
-0.00634443
-0.909004
-1.01772
0.287775
1.65494
0.513622
0.142293
-0.198007
-1.08538
-0.503661
-0.17353
-0.404177
-0.373298
-1.08845
0.207163
-0.185666
-0.0781295
0.3924
-0.0180081
0.263458
0.927128
0.910178
-0.765437
0.0546564
-0.263368
-0.572016
0.0587554
-0.0685496
-0.195637
-0.147184
-0.405638
0.265465
0.432894
1.03489
0.152714
-0.334708
-0.265287
-0.26305
-0.332999
0.0184652
-0.312307
-0.716967
-0.208234
0.103961
-0.525649
0.443897
-0.390461
-0.410276
0.137212
-0.677383
-0.140912
0.0687815
-0.28474
-0.300149
-1.0705
-0.0612963
0.355897
-0.534754
-0.942057
-1.09252
-0.772832
0.609832
0.165442
-0.330554
0.445874
-0.226275
-0.796656
0.76433
-0.802056
0.042413
0.0473495
0.153105
-0.908807
0.714839
-0.940985
0.0934229
0.275706
0.273945
-0.580855
0.63677
-0.773898
0.270108
-0.126108
-0.22558
0.184908
-0.0680714
-0.787133
0.715712
0.38764
-0.788596
-0.780954
0.255521
-0.722175
1.17569
-0.302337
-0.658252
0.258979
-0.775865
-0.19
-0.473709
-1.33738
1.349
-1.20243
0.189465
0.559092
-0.972525
-0.126943
-0.859937
-0.494228
0.363295
0.762386
-0.462833
0.403945
0.514333
-0.681557
-0.525874
-0.689181
-0.224223
0.518508
0.276052
0.619388
0.158588
-0.30822
0.793674
1.17352
-0.0857259
0.363575
-0.347455
-0.290635
-0.261031
-0.209554
-0.087779
-1.08898
0.985433
0.205794
-0.646209
-0.113127
0.362815
0.0112754
-0.722485
-0.948138
-0.0446451
0.125565
-0.48868
-0.769164
0.816317
-0.102555
-0.0526467
1.30804
-0.35518
0.645873
-0.187743
-0.0546041
-0.615403
0.203706
-0.237504
0.847182
0.233583
0.710568
0.0710895
-0.44185
-0.432828
-0.296399
-0.385505
-0.914987
1.3519
0.373749
-0.572588
0.0655338
0.7948
0.0149617
0.0454251
0.0483024
-0.314105
-0.702895
-0.654194
0.421074
0.326589
-0.923614
0.397696
-0.0510483
-0.225216
0.00592211
0.579921
0.101295
-0.160981
0.905678
0.569737
-0.524737
0.270766
-0.00841515
0.588098
-0.255376
-0.138803
0.379677
-0.150601
0.303163
-0.268289
0.300207
0.583362
0.254537
-1.06555
0.288608
-1.23958
0.0176521
-1.52176
-0.371455
-0.332115
-0.443376
-0.520709
0.224
0.206724
-0.219622
-0.250967
-0.47533
-0.796169
0.42043
-0.266352
-0.296171
0.30133
-0.204017
0.640195
-0.18493
0.31058
-0.534601
-0.320002
-0.0421013
0.890198
0.459277
-0.34038
0.601761
0.535224
0.104417
-0.454881
-0.923341
-0.338165
-1.35946
-0.260308
0.562239
0.525723
-0.797107
-0.423533
-0.3726
0.246344
-0.776583
0.00759993
0.0864923
0.324896
0.48113
-0.720057
0.345756
-0.60035
-0.0999779
-0.0961988
-0.529756
-0.845858
0.948784
0.695311
0.546865
-0.0990379
0.184616
0.29971
-0.258758
