0.988922
-0.28188
0.151014
0.0976343
-0.667754
0.902434
-1.15382
0.180535
0.0320685
-0.0209576
0.64972
-0.708736
-1.03406
-0.685591
-0.20208
-0.392371
0.593858
0.0395905
0.657509
-0.806631
0.239196
-0.29209
-0.416923
-0.749891
-0.981718
-0.039192
-0.163987
-0.152625
-0.814941
0.485884
0.0558648
-0.0517123
-0.409845
0.168022
-1.50576
0.398472
-0.539905
0.49882
1.04685
0.0541048
-0.0700022
0.227837
-0.558017
-0.441308
0.0969004
0.202465
0.247538
0.3888
-1.37211
-0.531975
0.423563
0.103513
0.778051
-0.532142
0.09076
0.935569
1.27966
-0.250485
0.651373
-0.60015
-0.529654
-0.510656
-0.309631
-0.828745
0.843402
-0.445887
1.2142
0.179543
-0.955618
-0.759408
0.716567
-0.461153
-0.0326565
-0.162949
-0.514121
-0.0918584
-0.150409
-1.57956
-0.174917
0.573487
-0.283158
1.11309
-0.313362
0.182623
0.565975
0.00483435
0.914942
0.0647789
1.22567
-0.795008
-0.736098
-1.05888
0.0896872
-0.417269
-0.568792
-0.579519
-0.467368
0.511002
0.0122179
0.858458
-0.0127807
-0.0633538
-0.67066
0.539635
-0.0216165
-0.103218
0.698101
-0.121165
0.512733
0.439527
-0.808297
0.382299
0.0130942
-0.182218
0.0796868
-0.318959
-1.10361
1.15561
0.315098
-0.701123
-0.720994
-0.692167
0.421868
0.126434
0.718391
-0.240315
-0.536975
-0.439303
-0.489869
-0.176548
0.568398
0.77288
0.28752
0.253563
-0.68724
-0.370131
-0.409816
-0.0031042
0.231993
0.0860936
0.0748439
-0.715293
-0.482509
1.53199
0.7807
0.175506
-0.0438398
0.028236
1.14226
0.47312
-0.0205395
-0.595611
-0.337278
-0.856685
0.512658
0.684152
-0.160259
0.215005
-1.30962
-0.657656
-0.3191
-0.141002
-0.497511
-0.184704
-0.343027
0.13879
1.23307
0.134476
-0.150274
-0.270669
0.0900378
1.01295
-0.639797
0.329709
-0.0238941
-0.655025
0.172347
-0.327463
-0.0144297
-0.344034
-0.358993
0.364327
0.934048
1.17249
-0.304009
0.0847166
-0.507065
-0.562877
-0.245184
-0.266687
0.202795
1.03964
1.69449
-0.562152
-0.267131
0.179976
-0.122782
-0.588999
-0.62839
0.265121
0.902005
0.231072
-0.661889
-0.543856
0.361315
-0.153008
-0.912648
1.06452
-0.879608
-0.319866
-0.258588
0.651916
-0.199438
-0.170055
0.598139
-0.405752
0.543355
0.297283
0.23115
0.110292
-0.602934
0.735801
0.111562
-0.475597
0.841052
0.0616106
0.229225
-0.29013
-0.869733
1.06775
-0.0979724
0.955896
-0.0184051
-0.305752
-1.02791
-0.721745
0.289346
-0.573953
-0.276523
0.61265
0.20295
-0.250511
-0.863338
-0.384585
-0.705626
-0.452026
-1.22139
-0.026561
0.0262705
-0.466899
-0.0837682
-0.157485
0.435893
0.826859
-0.689742
-0.0724058
0.62839
-0.305206
0.54476
-0.279016
-0.605611
0.408442
0.185793
-0.568633
-0.353607
0.741975
-1.82389
0.0751693
0.0482979
-0.0728508
0.104761
0.31397
0.0601421
-0.512634
-0.366958
-1.23751
0.489253
-0.439504
-0.276955
-0.324456
-0.071107
1.39137
-0.721782
-1.43861
-1.06202
0.485808
-0.0817734
-0.267018
0.34432
0.0191124
1.52585
-0.322182
0.395025
0.0837544
0.408913
0.563418
0.660447
-0.602365
0.613409
-0.22482
0.0408361
0.611671
0.956532
-0.544555
0.375152
1.33592
0.041513
0.565187
0.599005
-0.247333
1.76181
-0.0938226
-0.619427
-0.56855
-0.0948495
-0.966817
-0.157812
-0.303516
-0.349678
0.0390991
0.0104194
1.61355
0.411626
-0.155682
0.936807
-0.835341
-0.20297
0.686615
0.0600974
0.02849
0.159673
-0.15941
-0.740187
-0.31536
-0.672902
0.197078
-0.335245
-0.98788
0.647044
-0.158234
0.241221
-0.0947881
-0.831413
-0.486519
-0.472751
0.0311138
0.150021
0.86451
-0.336252
0.25915
0.363015
-0.615305
0.954069
-0.310093
0.312227
0.799192
0.264912
0.179727
-0.909387
0.636242
0.738942
-0.613809
-0.81086
0.964124
-0.217231
0.0363585
-0.867782
-0.704923
0.0572562
1.64649
0.310412
0.991599
0.115662
-0.0538862
2.05218
-0.49212
0.947201
0.945135
-0.811813
-0.447524
-0.18408
-0.0145974
0.126558
0.150175
0.488077
0.0886507
0.70485
0.225434
0.205128
0.425319
0.00563866
0.446394
0.952996
-0.430928
0.472368
-0.321825
0.391632
-0.0504458
0.923781
-0.210518
1.12687
0.246646
0.0262486
-0.220396
-0.487318
-0.35504
0.253899
0.967641
0.598634
-0.416486
-0.359281
-0.146496
-1.43045
0.478664
0.436268
-0.469757
-0.427737
0.688868
-1.00243
1.19094
-0.0552017
-0.768498
-0.435038
0.465575
0.62122
0.0752153
0.196237
-0.437343
0.211598
0.138385
1.14473
0.335771
0.223254
-0.151892
-0.146222
0.256716
-0.0490636
-0.580797
-0.0281418
-0.324171
-0.52181
0.204972
-1.18854
-0.967592
-0.161901
-0.0156972
1.35919
-0.0446631
0.162842
0.703565
-0.405183
0.546796
-0.0800383
0.583397
0.0701685
-0.33793
-0.928693
-0.0329234
0.173531
-0.24319
-0.77085
-0.0651453
-1.10528
0.275292
0.741813
0.184748
-0.0408221
1.04677
0.0179741
-0.508317
0.0730678
1.28518
0.309695
-0.319348
-0.559529
-0.910775
-0.545939
0.568789
-0.449718
-1.42927
-0.0321312
0.0914564
0.200898
0.40564
-0.543097
0.325659
-0.0545482
-0.206891
0.429458
-0.439527
-0.0558617
-0.149316
1.20617
0.482242
-0.426478
-0.403408
-0.027636
0.0914397
-0.498749
0.709932
0.260829
-0.477218
0.160182
0.296937
-0.580051
0.251515
-0.230466
-0.602451
-0.126216
0.194356
-0.738008
0.319126
-0.0837764
0.48534
-0.58763
0.340947
0.0439649
0.0547243
-1.02479
0.607753
0.514343
0.256312
0.142001
0.00216619
0.228234
0.211285
1.22177
-0.278949
0.0581132
-0.00649175
0.422735
-0.257073
0.247147
-0.734383
-0.393745
-0.241164
-0.247844
1.25049
-0.178033
0.743965
-0.0846268
0.56957
0.731654
0.114189
0.247187
-0.0250357
-0.169285
0.957744
-0.676715
-0.0904116
-1.87739
-0.484864
0.638907
0.404152
1.04578
0.638254
0.234658
-0.463528
-0.0396572
0.350471
-0.661481
-0.689711
-0.383361
0.226426
0.804589
0.0776639
-0.0144278
-0.423854
-0.0141349
1.45941
0.1447
-0.531713
0.538223
-0.830838
-0.263584
0.028786
0.419947
0.0823103
0.365785
-1.04238
-0.204629
0.837726
0.2156
0.281053
-0.484654
0.703492
-0.174871
-0.647161
-0.103286
0.437179
0.121414
0.257465
0.639628
-0.962561
-1.00122
0.0268263
-0.732391
0.00708536
-0.0780817
0.139104
0.414656
0.292238
-0.344206
-0.0717435
-0.782594
0.68016
0.278787
0.0555981
-0.392232
-0.663425
-0.368011
0.0405748
1.50028
-0.533345
1.11279
0.928922
0.0321047
-0.0261619
-0.480179
0.65326
-1.31651
0.287507
0.39363
0.170945
0.431288
0.0310675
-0.201958
0.594254
-0.60654
-0.553884
0.350953
-0.500081
-1.36326
0.925816
0.225743
-0.833339
0.382569
0.646961
-0.0669043
0.885018
0.117067
-0.0464837
0.679335
0.188042
-1.01627
-0.108389
0.223842
0.090989
-0.176918
-1.20032
-0.770704
-0.106557
1.0866
0.497226
0.579742
0.192754
-0.146887
-0.539399
0.503775
-0.709201
0.869861
-0.0152277
-0.470765
0.165375
-1.25576
-0.979056
-0.126558
-0.32319
0.229646
-0.225408
-0.444651
0.00905032
0.0729016
-0.499032
-0.112471
-0.0356729
-0.41691
-1.08587
-0.413976
0.213691
-0.181143
0.791378
0.111393
-0.0280681
-0.0289101
0.518766
0.447314
0.40216
0.350668
1.1594
0.0883153
0.108494
0.639148
-0.690691
-0.23378
0.127004
0.00518533
-0.889251
0.261725
-0.528657
0.194434
-0.0347829
-0.978748
-0.150593
-0.909928
0.381857
-0.927157
0.805702
-0.68555
0.765592
-0.66479
-0.0248839
0.193285
-0.212944
-1.37386
0.508277
0.0378286
0.596052
-0.656689
0.31513
-0.762051
-0.309193
-0.176649
-0.0670083
-0.00481811
0.201629
-0.167635
-0.0734483
1.11724
0.426874
-0.273516
-0.612004
-0.0192705
0.606228
1.20859
0.0244165
-0.96335
1.11517
0.872227
0.281703
0.358303
0.921551
-0.372389
0.474223
-0.49664
-0.253098
0.24627
-0.996213
0.88425
0.255775
-0.27824
0.232159
-0.153389
0.670957
-0.0340411
-0.359265
0.373397
0.720042
0.743303
0.391939
0.921141
-0.374713
0.318253
0.16654
0.0596793
-0.615098
-0.649909
-0.624596
0.208088
0.0689487
-0.604863
-0.436163
-0.228319
-0.111566
0.917808
0.605802
0.592455
0.00123826
0.395627
0.304808
-0.00842201
0.0937599
0.441479
0.142595
-0.0961071
0.60859
-0.233036
-0.196812
0.741611
0.838258
0.750389
-0.743338
-1.43861
-0.233928
-0.164618
0.479954
-0.269006
-0.428613
1.58009
-0.68627
1.03854
-0.179222
-0.0942965
0.441739
-1.10437
0.65513
-0.458852
-0.0692742
-0.283759
-0.784701
-0.759768
0.514221
-0.121696
0.0148557
0.348479
-0.453724
1.05194
0.945937
-0.609201
-0.611114
0.425172
0.111296
-0.836219
-0.263989
0.376299
-0.173785
1.3177
0.226493
-0.734351
-0.555021
-0.397464
0.290035
-0.0844264
-0.481383
-0.759408
0.562348
-0.845436
-1.24179
-0.375132
-0.177698
0.435756
0.700757
0.32629
-0.208407
0.499116
-0.216318
-1.0741
-1.61439
0.957859
0.379258
-0.409596
-0.602652
0.49723
-0.275955
-0.400534
0.130478
1.39932
0.4531
-0.855547
-1.28417
-1.01721
1.01649
-0.584846
-1.20691
0.244917
0.216031
-0.860711
0.454791
-1.05699
1.7819
-0.775628
-1.32514
0.736806
0.116785
0.773996
-0.182481
0.909216
-1.11803
0.117548
0.946882
-0.116676
0.14735
0.647696
0.94609
0.594998
0.696845
-0.754474
0.299692
0.809821
0.0388494
0.0357798
1.50374
0.244391
-0.224183
0.252206
-0.302696
0.270299
0.0923598
-0.995398
0.383349
0.337714
0.665023
0.640132
0.16409
-0.669223
-0.318413
-0.722018
0.502121
0.14822
-0.417983
0.133646
0.785588
1.04248
0.307273
0.39259
-1.2094
-0.0884893
0.699777
0.291776
0.49857
-0.407182
-0.461884
-0.373964
-0.712064
-0.251908
-0.102539
-1.01477
0.0568182
-0.57645
0.861502
0.38601
0.215842
0.432425
-0.657147
-0.493274
0.181227
0.365251
0.0716478
-0.506095
-0.305931
-1.08145
-0.525289
0.233674
0.111054
-1.3978
0.746485
0.964577
0.718995
-0.107979
1.00507
-0.00583413
0.733017
-0.5894
-0.783581
1.07774
0.480583
-0.363678
1.52997
-0.412324
-0.919874
0.0939777
-0.600807
0.967971
0.643694
-0.212322
0.0772729
0.210644
1.00053
0.169812
1.15481
-0.410262
0.546278
-0.663077
-0.724245
0.101511
-1.20529
-0.331756
-0.511403
-1.05528
0.0816998
0.0507221
0.414649
-0.510109
-0.569053
-1.38331
0.240375
-0.387951
-0.277694
-0.377489
-0.0377528
-0.098504
-0.516122
0.662531
0.453798
-0.560112
-0.51425
-0.563641
0.913491
0.870773
-0.77722
