0.0439513
0.0449593
-0.0697177
-0.0384107
-0.2897
-0.427612
-0.124756
-0.0707582
-0.636409
-0.525876
-0.585909
-0.325328
-0.0307209
-0.612438
-0.313231
-0.553743
-0.644647
-0.223001
-0.442831
-0.545941
0.652204
-0.611099
-0.123555
-0.269513
0.341343
0.0264621
-0.183221
-0.44245
-0.456058
0.464914
-0.116428
0.16749
-0.523353
0.0708018
-0.596169
0.343993
-0.0709031
-0.0379959
-0.317664
0.0347139
-0.3178
0.65008
-0.501295
0.435224
-0.291729
-0.380933
-0.91308
0.00469014
0.177698
0.160491
-0.0349626
0.0408136
0.0820655
0.195936
-0.658804
-0.187307
0.337838
0.0208411
-0.0219036
0.0148175
-0.950683
-0.24138
-0.203722
0.0493661
-0.260431
0.0229615
-0.405383
-0.0414668
-0.378957
0.532983
-0.0253969
0.595574
-0.131692
0.144334
-0.57014
-0.371102
-0.0017787
0.328368
0.0374993
-0.54974
-0.173139
0.0668578
-0.420887
-0.488267
0.130551
0.280277
0.330791
0.288545
0.12299
-0.700315
0.103044
-0.08945
-0.162514
0.383159
-0.291746
-0.839689
-0.115534
-0.0114363
-0.682838
0.205249
-0.235994
0.0964617
-0.444751
-0.228476
-0.229167
-0.0946139
0.65913
-0.906904
0.0725868
-0.0851114
-0.0102478
0.0766783
-0.351423
0.00461563
-0.606888
-0.501386
0.0372143
0.476029
0.374219
-0.0369973
-0.488746
0.212126
-0.657629
-0.372427
-0.395429
-0.0740942
-0.330739
-0.950375
0.379954
0.0587502
0.0656054
-0.0747437
-0.242088
0.300531
0.0839094
0.33416
-0.282488
-0.292143
-0.067536
-0.925184
-0.0500834
-0.798681
-0.115848
-0.00257872
0.389983
-0.246249
0.273185
0.345527
-0.449326
0.597803
-0.0627444
-0.199812
-0.34147
0.226641
-0.327014
-0.344635
-0.448788
0.25145
-0.0819836
0.0181187
0.116664
-0.462094
-0.878591
-0.16477
0.390448
0.424246
-0.135932
-0.0275241
-0.658675
-0.2966
-0.099979
0.342507
0.193022
-0.442972
-0.113869
-0.804222
-0.198288
-0.200472
-0.710641
0.1117
0.036614
0.260291
-1.01052
-0.541502
-0.385839
-0.748865
-0.612984
-0.538873
0.0365461
-0.065893
0.0635434
0.331376
-0.644169
-0.0224744
-0.254945
0.22315
-0.363924
-0.464588
-0.646156
-0.0749672
