1.33099
1.92287
1.73875
1.71316
1.79528
1.62964
1.30763
1.45957
1.46297
1.65994
2.29089
1.64284
1.02931
2.14073
1.95907
0.927389
1.40963
1.81367
0.861126
1.52235
1.24128
1.02517
1.57426
1.57005
0.807531
1.53614
1.69476
1.25767
2.04452
1.46809
1.47208
1.64987
1.84532
1.74487
1.7765
1.55119
1.08512
1.62049
1.94061
1.64019
1.33506
1.28639
1.3813
1.49155
1.79059
1.35253
1.68396
2.08313
1.04526
1.59373
1.60014
1.36833
2.4853
1.54625
1.80642
1.74576
1.89717
1.58716
1.69884
1.05482
1.32002
1.56008
1.50813
1.31715
1.30732
1.43759
1.40948
1.27785
1.40491
1.52157
0.573912
0.973614
1.73486
1.74452
1.21799
0.897799
1.77921
1.21023
2.06932
1.9946
1.7796
2.27232
1.87164
2.05159
2.31529
1.0615
0.759518
1.48894
0.847324
1.52084
1.25336
1.38021
2.0938
1.5511
1.15994
1.24286
1.11004
1.32914
1.98886
1.22426
1.1657
1.11382
1.12047
1.21525
1.74761
1.60217
1.63031
1.87686
1.54586
1.50915
1.33254
1.59322
2.20372
1.83713
1.8621
1.4645
1.87928
1.37527
1.52533
1.5476
1.45895
1.74326
1.36497
1.03175
1.03892
1.8459
1.69697
1.48242
1.75627
1.60528
0.967584
1.75133
1.75067
1.37976
1.77374
1.48743
1.08276
1.50195
1.27683
1.58468
1.60654
1.25784
1.31902
1.59059
1.45826
1.45116
1.19956
0.791885
1.90993
1.95892
1.63327
1.22693
1.07113
1.8374
1.36639
2.01301
1.70019
1.54163
1.23204
1.23908
1.5742
1.31785
1.4785
1.6863
1.55988
2.29816
1.53005
2.14308
1.57315
1.40335
1.67527
1.48421
1.41972
1.47808
1.35979
1.52798
1.4211
0.690964
1.45081
0.84131
1.28737
1.25514
1.0487
1.62833
1.19462
1.54658
1.73294
1.22402
1.65286
1.27188
1.34407
2.06986
1.25639
1.20009
1.43929
1.29886
1.43185
1.77217
1.14608
1.25339
0.885464
1.89117
1.33305
1.55872
1.60641
1.9466
1.61571
1.62686
1.97459
1.36423
1.54065
1.89586
0.984502
1.34924
1.32
2.08942
1.66658
1.50131
1.94304
1.83752
1.3578
1.89573
1.21529
1.39656
1.87226
1.67272
1.33163
1.64667
1.71399
1.7233
0.965786
1.4418
1.07539
1.76428
0.992144
1.54683
1.79923
1.22799
1.92652
1.49487
1.06043
1.49279
1.15061
1.01715
1.8179
2.10094
1.95793
1.46807
1.3507
1.55901
1.40847
1.51157
1.34812
1.41798
1.38502
1.55527
1.27415
1.44349
2.01235
1.50922
1.44277
1.83296
1.26897
1.59089
1.44285
1.12554
1.35378
1.73045
1.86973
1.59789
1.01458
1.52432
0.959222
1.95198
1.6078
1.58394
0.772432
1.5193
1.87482
1.44733
1.41877
1.52362
2.04261
1.27949
1.14634
1.23112
1.53318
1.34624
1.8387
1.26962
1.0516
1.54211
1.25197
1.12713
1.97082
1.3975
1.24965
1.20924
0.990764
1.66264
1.51461
1.26486
1.65948
1.64632
2.15635
1.51202
1.83196
1.47225
1.4165
1.42535
1.32972
2.23285
1.67944
1.80562
1.50224
1.90473
2.10136
2.02739
1.30809
1.05176
1.27653
2.21544
1.39964
2.45861
1.00084
1.21728
1.71361
1.67894
2.03648
1.19378
1.18289
1.83587
1.6553
1.67545
1.10674
1.90754
1.43688
2.52092
1.87381
1.67965
0.977279
0.996555
1.89818
1.70252
1.29551
1.11546
1.56184
1.279
1.55032
1.56139
1.14368
1.31412
1.48357
1.74328
1.30463
1.97951
1.68654
1.02584
1.37409
1.42494
1.7354
1.49892
1.46838
1.29201
1.49193
1.80845
2.02731
1.92298
1.24085
1.14327
0.897866
1.29211
1.5696
1.14345
1.66291
1.23304
1.33825
1.36982
1.00776
1.69481
1.82926
1.78663
2.07892
1.50606
1.48095
1.0699
1.58305
1.774
1.34674
1.43209
1.49377
1.50064
1.76543
1.39441
1.59074
1.05817
1.26742
1.22529
1.89872
2.07005
1.55962
1.60473
1.02573
1.72405
2.00417
1.76141
1.75857
1.711
1.64912
1.54665
1.65561
1.97059
1.33438
1.43675
1.93104
1.13466
1.32364
1.64314
1.90892
1.57892
1.228
0.934906
1.14051
1.70331
1.57633
1.48902
1.52863
1.40687
1.38242
1.2095
1.75724
1.2982
1.74837
1.52674
1.70252
1.48434
1.09061
1.60568
1.30599
1.49627
1.11353
1.68733
0.964746
1.49559
1.51301
1.28728
1.86991
1.66292
1.28236
1.26982
1.75056
1.45372
1.58509
1.30097
1.65411
1.38932
1.9434
1.8208
1.67189
1.66593
1.88673
1.52974
1.39869
1.50547
1.51205
1.37203
1.035
1.0804
1.54685
1.54744
1.55956
1.50557
1.55749
1.51001
1.39337
1.88276
1.39031
1.19893
1.72047
1.70837
1.47497
1.79137
0.985755
1.49078
1.96778
1.13405
1.37816
1.87184
1.68855
1.87895
1.93874
2.18493
1.63698
1.25345
1.03261
1.11662
1.7009
2.18224
1.94618
1.59215
1.73033
1.74946
1.27003
1.4002
1.20177
1.05759
1.51473
1.66626
1.29783
1.72413
1.68257
1.82508
1.92081
2.08331
1.30277
1.0927
0.906991
1.71382
1.51713
1.71903
1.47069
1.51527
1.06334
1.37343
1.9042
1.9757
1.98823
1.6499
1.46883
1.57851
1.35185
1.72261
1.71508
1.89189
0.730014
1.75926
1.22059
1.46444
2.22172
1.70763
1.02073
2.01406
1.4028
0.989939
1.76866
1.24663
1.86336
1.89655
1.605
1.66612
1.78971
1.22898
0.914905
1.40812
2.12768
1.30678
1.44295
1.74986
0.935496
0.965902
1.44222
1.62195
1.03608
1.53488
0.985014
1.35568
1.81874
1.70154
1.55379
1.74843
2.05192
1.05488
1.65666
1.42565
1.70215
1.35973
1.06073
1.58139
1.15225
1.39822
1.20647
1.52167
1.32449
1.1605
1.83871
1.63946
1.58709
1.28165
1.32117
1.17587
0.932546
1.40352
1.4078
1.65901
1.12807
1.39432
1.54057
1.14679
1.61801
0.850456
1.29914
1.38024
1.54975
1.38106
1.42778
1.01194
1.6785
1.51165
2.04466
1.62343
1.80928
1.38136
1.67099
0.979012
1.94268
2.42672
2.32189
1.31931
1.72516
1.55504
1.80446
1.5249
1.6088
1.32358
1.05529
2.16905
1.54865
1.6511
2.34477
1.44378
1.212
1.4128
1.79806
1.18432
1.26678
1.26896
1.09857
1.44059
1.43456
1.19891
1.03199
0.974055
1.48197
1.59476
1.54041
1.81917
1.25439
1.75872
1.31367
1.5341
1.67253
1.65598
1.39238
1.51152
1.23329
1.45926
1.58047
1.37924
1.13163
1.75811
1.80326
1.5364
1.86322
1.37013
1.44008
2.05595
1.25521
2.00116
1.62315
1.72545
1.1158
1.11845
1.25104
1.52384
1.1257
1.36009
1.58869
1.16076
1.95222
1.89343
1.21348
1.69241
1.33718
1.3608
1.07117
1.79568
1.9057
2.25929
2.04319
1.61495
1.0116
1.6267
1.48943
1.57093
1.59866
1.57489
1.49415
1.39279
1.26861
2.02962
1.55196
1.68511
1.45181
1.70553
1.52265
1.36208
1.51162
2.13689
1.26472
1.01112
2.28025
1.46053
1.93773
1.83964
2.25241
1.35636
1.43171
1.12158
1.44761
1.75358
1.54556
1.70617
1.21702
1.67112
1.57439
1.66575
1.69105
1.6978
1.59701
1.21456
1.5288
1.31146
1.37727
1.39578
1.66499
2.0032
1.72551
1.55476
1.93217
1.71406
1.36568
1.11532
1.50595
1.2747
1.92631
0.495027
1.65319
1.6523
1.2559
1.72707
1.07327
1.39555
1.95239
1.77939
1.55432
1.12654
1.65757
1.75656
1.15178
1.72266
1.50823
1.11568
1.75873
1.70746
1.13344
1.77376
1.68541
1.4671
1.72279
1.52316
1.39005
1.37509
1.70452
1.19903
1.23829
1.53314
1.48981
1.71744
1.77674
1.59164
1.16584
1.63763
0.986265
1.15397
1.48914
1.52133
1.55809
1.49674
1.81578
1.31731
1.24844
1.69035
1.2079
1.61029
1.88736
1.29513
1.06878
1.51726
1.7276
2.03589
2.03454
1.46709
1.33734
1.50331
1.54112
1.34728
1.87977
1.92578
1.33779
1.88427
1.98014
1.56309
1.54029
1.34251
1.90993
1.14126
1.20679
1.46647
1.63968
2.76078
1.28191
1.80413
1.19521
1.40758
1.70715
1.08042
1.07636
1.69494
2.06498
1.58905
1.36619
2.24714
0.921041
1.77114
1.6476
2.02373
1.49723
1.75878
1.45718
1.38288
1.34158
1.86186
1.6834
1.18752
0.755426
1.75947
1.0728
1.92801
1.28085
1.47769
2.13139
1.68959
1.81606
0.970338
1.95953
1.24735
1.16851
0.814569
1.15058
1.31296
1.69015
1.62197
1.05173
1.25562
1.81023
2.06992
1.05761
1.06991
2.18586
1.55769
1.3664
0.729417
1.75197
1.0734
1.76365
1.27776
1.40078
0.96948
1.44404
1.18653
1.3663
1.855
1.17734
1.78943
1.70941
1.18626
1.87213
1.88138
1.71911
1.87056
1.67709
0.982357
1.26512
1.30259
1.13171
1.60404
1.49233
1.65344
1.6877
1.68525
1.32594
1.00142
1.60656
1.4305
1.32159
1.26503
1.29366
1.41567
1.73763
1.84892
1.61183
1.57146
0.756879
1.6847
1.60773
1.4007
0.815437
0.760085
1.09524
1.08447
1.27919
1.80148
2.39079
1.74096
2.02613
1.33558
1.74733
1.4135
1.34399
1.46649
1.75024
1.57669
1.63031
1.2675
1.11922
1.30136
1.9206
2.02923
1.54633
1.02922
1.43972
0.906927
1.52654
1.72294
2.10618
1.65377
1.55228
1.7312
1.14985
1.70603
2.07288
1.68091
1.95965
1.42048
1.91023
1.15592
1.14017
0.997995
1.74139
0.966099
1.31883
0.757511
1.28758
1.94685
1.32146
1.10208
1.60406
1.42942
1.19615
1.61452
1.65123
1.81668
1.19727
1.89036
0.877551
2.34048
1.33124
1.53827
1.3907
1.40496
1.94499
1.9573
1.40583
1.77032
1.7186
1.7901
2.19019
1.17402
1.02778
1.48355
1.65046
1.79823
1.1848
1.64458
1.61126
1.43188
1.72334
1.3394
1.58167
1.59599
