6.20763
7.00459
7.18448
5.94487
7.15177
7.0985
6.21976
6.70532
6.5011
5.77108
6.29806
5.60676
5.5562
6.56816
6.87875
6.10213
5.94701
6.23601
6.99976
6.87704
6.6225
6.58263
6.6769
5.7647
5.62937
6.35082
5.87543
7.53659
6.01218
5.98273
6.34228
6.37694
7.46887
6.07541
6.29101
5.9417
5.98524
6.00837
5.77913
6.92683
6.84807
6.24069
6.78422
5.12708
6.80138
6.21182
7.0973
5.16217
7.10149
6.98932
5.91092
6.17503
5.58642
7.07343
6.67878
6.61756
5.64577
6.02939
7.25081
6.65967
6.79116
7.86398
6.66638
6.53745
6.70913
6.49324
5.8253
6.34033
6.56776
6.45981
6.21547
5.94368
6.9585
6.72331
5.86482
5.45256
5.76619
6.13718
5.78303
6.03396
6.28318
6.74991
6.21719
6.98022
5.86297
6.50443
6.62096
6.19611
6.61015
6.78218
6.20053
5.10882
6.32128
5.79612
6.81739
7.68746
6.79967
5.46551
7.00096
6.71548
