5.52958
4.24699
5.70397
4.92995
4.77304
4.11282
4.98472
4.53123
4.87792
4.97931
4.39294
5.62734
4.29038
5.29327
4.24447
4.7791
6.08815
4.92058
5.32001
5.14626
4.19667
4.79435
6.35485
5.79936
5.25953
5.77052
5.60596
5.61395
5.50833
5.5875
5.16199
5.42199
4.40377
4.81925
4.93262
4.2509
5.64134
5.65298
4.82279
5.41711
5.27622
5.6655
5.32343
4.82837
5.27986
5.31995
5.98558
4.75674
5.83839
5.18723
5.05153
5.71758
4.96499
4.89556
4.9228
5.21019
4.5628
5.14748
5.70811
4.68671
4.60352
4.86133
4.8742
4.4706
4.21388
5.4755
4.8941
4.88022
5.66268
4.67302
6.09926
4.59474
5.79929
5.18465
4.64789
5.44827
5.62153
5.41076
4.67712
4.76117
5.21578
4.65962
4.86654
4.86
5.39195
5.29113
5.13549
5.06286
4.61698
4.42748
5.01838
5.18345
5.12926
5.91724
4.70756
5.02192
5.20766
4.7234
5.0647
4.62804
