4.74699
5.87232
4.76292
4.92918
5.01581
4.22053
4.65405
5.52086
4.33759
4.26375
5.50928
4.80214
5.35267
4.77985
5.0713
5.02981
4.55052
4.11724
5.45506
5.53447
5.1591
6.10731
4.64293
5.35224
5.20142
5.61318
4.99336
5.01115
4.69738
5.44935
4.91506
4.78449
4.53529
4.76524
4.67266
4.3708
5.15015
4.73392
6.2052
5.32206
4.78235
5.75474
5.03803
4.06171
5.07568
4.56686
3.82692
5.11702
4.77064
4.60395
4.80687
5.72322
5.19916
5.16792
4.86168
4.24758
5.4922
4.32759
5.26936
4.13561
4.57817
5.15131
5.41968
5.72956
4.11925
4.88014
4.39278
6.22869
5.20338
5.41535
4.41431
5.08793
4.9873
5.51972
4.98597
5.22015
5.27095
4.9897
4.29255
5.69717
5.07744
4.92563
5.40152
5.29023
4.65393
4.81408
5.27601
5.01406
4.47745
5.13936
5.26092
5.96476
5.24873
5.40594
4.80184
4.84237
5.11896
4.48445
5.45743
4.15718
