-0.741124
-0.710877
-1.28949
-1.07178
-0.815098
-1.13378
-1.09933
-1.13612
-0.730391
-0.777793
-0.961964
-1.28751
-1.44717
-1.19377
-0.967007
-1.03565
-0.891792
-1.14804
-0.497415
-1.00793
-1.44516
-0.992343
-1.14768
-0.685876
-0.854259
-1.56213
-1.36429
-0.822786
-1.00645
-1.55531
-0.64723
-0.993307
-0.651654
-0.831658
-0.692555
-0.961249
-1.32859
-1.23098
-0.689699
-0.609935
-1.06836
-1.15228
-0.735323
-0.716529
-1.2833
-0.69039
-1.48406
-1.50625
-0.746404
-1.4768
-0.768067
-1.40198
-1.06252
-0.754974
-1.86025
-1.588
-0.73908
-1.19222
-0.777019
-1.36812
-0.995162
-0.594127
-0.696036
-1.37158
-1.07656
-0.940757
-0.670851
-1.08922
-1.45768
-1.66263
-1.25943
-1.64394
-0.731494
-1.1513
-0.857128
-1.08296
-1.06322
-0.662059
-1.44421
-1.05499
-1.94951
-1.55888
-0.729212
-1.27263
-0.683298
-0.797178
-0.788313
-1.10764
-1.37138
-0.914637
-1.23327
-1.2944
-1.03781
-0.850954
-0.825641
-0.965358
-0.853737
-0.171655
-1.23984
-1.21333
-1.14977
-1.34112
-1.58114
-1.2072
-1.3623
-1.43433
-0.476632
-1.18683
-0.902977
-1.1043
-0.796142
-1.32102
-1.22296
-1.24774
-1.65744
-0.751682
-1.05383
-1.04738
-1.24106
-1.60361
-0.961793
-0.84709
-1.55417
-1.3669
-0.855868
-1.16347
-1.01568
-0.826324
-0.495934
-1.10342
-0.721511
-0.730492
-1.06388
-0.961933
-1.70636
-0.83831
-1.26252
-0.911561
-1.19578
-1.1817
-1.11423
-1.27531
-1.29844
-0.947833
-1.11427
-1.17745
-1.5871
-0.887564
-0.723961
-1.51745
-0.944503
-1.09137
-1.21119
-1.03809
-0.607143
-0.722164
-1.31125
-0.42338
-0.682708
-1.20791
-1.08903
-1.13175
-1.09898
-1.31344
-0.886235
-1.48562
-1.61765
-1.2122
-1.22909
-1.34933
-1.44976
-1.14669
-1.04052
-1.01427
-0.726294
-1.66461
-0.665417
-0.752096
-1.9155
-0.561116
-1.18545
-1.12669
-0.261364
-1.33106
-0.85996
-0.950982
-1.6971
-1.01854
-1.09543
-0.797856
-0.82215
-1.2497
-1.4315
-1.20958
-0.984504
-1.29614
-0.806824
-1.11447
-0.828078
-1.28653
