1.67603
1.05683
1.19997
2.0124
1.52735
1.28285
2.07345
1.21903
1.63982
2.10917
1.9113
1.20075
1.54397
1.55431
1.28966
1.65835
1.09134
1.10175
1.60705
1.64556
1.12383
1.36976
0.998272
1.81601
1.49558
1.49963
1.42523
1.53479
0.947013
2.06262
1.84609
1.77705
1.20317
1.33799
1.31875
1.52843
1.85394
1.39803
1.70703
1.42994
0.647532
1.45906
1.18691
2.00265
0.906634
1.53967
2.24021
1.39418
2.27847
1.18996
1.7019
1.10539
2.05545
1.15688
1.64605
1.72878
1.81714
0.970349
1.73328
2.12115
2.29487
0.991615
1.40213
1.70453
1.45292
1.67691
0.969843
1.69322
0.882214
1.3386
1.49721
1.47206
1.60904
1.77485
1.32329
1.42044
1.31163
1.36825
0.741682
0.879899
1.14015
0.843033
1.12941
2.19038
1.33503
1.48319
1.81155
1.52955
1.80486
1.36422
1.43858
1.40397
2.05617
0.821346
0.872932
1.80216
1.52444
0.69046
1.20061
0.945033
1.76185
1.54909
1.89964
1.44092
1.89986
1.14281
1.21892
1.84515
1.30536
1.5754
1.09063
1.74069
0.742531
2.19033
1.06303
1.67521
1.15478
0.712697
1.50845
0.975506
1.21893
2.35692
1.35545
1.29373
1.26001
1.19341
2.13322
1.45384
2.02129
0.922803
1.53062
1.98022
1.39475
1.82668
1.07005
1.32005
1.75499
1.3271
1.10418
1.27737
2.00319
1.43689
1.5593
0.833136
1.32404
1.61742
1.28893
1.2277
1.28175
1.76969
1.7061
1.51253
1.99798
1.86506
0.799586
1.55062
1.42411
1.28336
1.86038
0.656141
0.71164
1.55986
1.51823
2.09089
0.738518
1.3283
1.60862
2.15819
1.89173
0.96253
1.54252
1.59848
1.63497
0.982859
1.27422
1.73641
1.38637
1.49276
1.42196
1.19867
0.772549
1.34044
1.33931
1.36775
2.08883
1.29541
1.48774
1.8998
1.28838
1.69556
1.31944
1.62998
1.93556
1.62247
2.26968
1.43712
1.7267
2.04313
1.02167
1.60853
