5.42401
4.90131
5.39005
4.29144
4.57786
4.57998
5.74389
4.29908
4.84213
4.61746
4.58835
5.10917
4.58717
5.31145
4.83698
5.31691
4.35663
4.89874
5.37494
4.87284
5.62021
4.5092
4.82866
4.57405
3.81866
4.80272
5.11336
4.66322
4.7192
4.53272
5.08209
4.96808
4.08158
4.48737
4.30209
4.21285
5.15351
4.67233
3.81518
5.20088
4.93106
4.48501
4.5138
4.7638
5.47648
4.84348
4.84523
4.16033
4.63319
5.3118
5.40462
4.76467
4.439
4.29211
4.24322
4.39204
5.05887
5.43341
4.99427
4.10985
4.39514
4.81034
4.6699
4.83869
4.56996
5.42885
4.68186
4.64571
4.51303
5.11615
4.66962
4.34039
4.89519
4.35451
4.60041
4.70197
4.66839
5.26506
4.79156
4.59151
4.7774
4.01014
5.07168
5.00782
4.04715
4.88828
4.78032
4.96951
4.71257
5.63579
4.51614
4.81644
4.73715
4.94883
5.26582
4.43016
5.16443
5.13114
4.67964
5.07715
