1.53289
0.717253
1.55031
0.679323
1.63405
0.736157
0.627697
1.66006
0.890779
0.304264
1.23602
0.988355
1.21746
0.428999
0.518419
1.0306
0.652131
0.660974
1.32858
0.6041
0.428908
1.23139
1.38187
0.622622
0.690662
0.0676331
0.878046
0.535661
1.12103
1.05954
1.10314
1.02456
0.550111
1.0152
0.914713
1.75043
1.25585
0.352344
0.805595
0.516422
0.588843
0.180742
1.06282
0.92579
1.99449
1.26325
0.306043
0.558505
0.412103
1.30514
0.937254
1.73969
1.44813
1.23308
1.25795
0.636092
0.796547
1.27819
0.840838
0.675223
0.855249
0.528328
0.589937
1.12151
0.88268
1.25813
1.67032
1.06077
0.824741
1.15771
1.36726
0.401139
1.06686
1.67875
1.65136
1.19689
1.20195
1.59713
1.17766
0.243931
1.23042
0.62658
1.25108
0.0855868
0.744179
0.679234
0.90166
0.97955
1.50838
1.29283
0.468975
1.2021
0.885466
0.529124
0.769061
0.54005
1.19264
1.22534
0.371487
0.728623
1.22032
1.03108
1.2913
1.21272
1.10081
0.781914
0.497497
1.73591
0.438341
0.904108
0.686622
0.638127
0.718659
0.610932
1.02338
1.53826
1.49037
0.749523
0.00381255
1.38513
1.0826
0.798668
0.86777
0.413147
0.144262
1.06477
1.328
1.48947
1.15617
1.10587
1.13668
1.45284
0.287121
1.14822
1.21787
0.618749
0.677621
0.364703
0.904687
0.883998
-0.0131907
1.01519
1.10517
0.819241
1.37158
1.18753
0.528505
0.881886
1.3867
1.48421
1.32816
1.00329
1.28012
1.75925
0.640223
1.1989
0.403067
0.737182
0.663442
1.08212
0.368252
1.28785
0.510292
1.01976
0.497242
1.47875
0.432932
2.36902
2.25418
1.14852
0.349677
0.576135
0.906969
1.00473
0.773194
0.816224
1.02705
-0.100125
1.19778
1.37575
0.811044
0.838415
0.434094
0.564524
0.660705
0.520025
0.782392
0.988561
0.280089
0.710524
1.40702
0.434368
0.621246
1.01302
0.584938
0.325012
1.11838
0.93505
1.60437
1.01437
0.962439
0.92624
0.970407
0.544183
0.866076
1.28302
1.20623
0.533894
1.25966
0.964674
0.27931
1.42155
0.642934
1.02249
1.13656
0.44818
1.13702
1.08262
1.68636
0.386374
1.03101
1.07219
1.26773
1.09158
1.48071
0.00446198
1.1341
0.781364
0.656164
2.00671
0.852812
0.950052
0.187791
0.714392
0.0664581
0.539146
0.993283
0.472059
0.850589
1.28286
0.676423
0.591872
0.406309
-0.258416
0.476997
1.30141
0.00751084
1.66127
1.20598
0.760491
1.04929
0.456877
1.62744
0.519434
0.834054
1.10965
-0.0591211
1.5687
0.604583
0.993739
0.920382
0.625966
0.90361
0.39623
0.371914
0.893542
1.11646
0.026123
0.99841
0.468806
0.276533
0.57177
0.0176668
0.237626
1.06647
0.449853
0.576653
0.452782
1.33396
1.25992
0.875869
1.27199
1.02451
0.718315
0.884626
0.342076
-0.0883291
0.725886
0.244311
1.10172
0.611503
1.65448
1.24939
1.36089
0.183255
0.394877
1.31773
1.77061
0.736264
1.10391
0.403256
1.29171
1.1602
0.667017
1.26585
0.372942
0.47394
1.93562
0.967088
0.926133
0.83665
0.826135
1.14571
1.47304
1.21622
0.365427
1.78939
1.04116
0.470154
1.38938
0.67069
0.634072
1.0087
0.566852
1.19854
0.850566
1.26142
2.0722
1.29374
0.592474
1.12088
1.30882
1.56469
0.778477
1.34372
1.6553
1.00422
-0.061247
1.51486
1.75797
0.6855
0.0919462
0.499074
0.772182
1.02006
0.0724617
0.0904116
0.140532
0.246605
0.52085
0.86072
1.14236
0.809093
0.428649
0.890571
0.799072
0.898161
-0.0912321
0.816602
1.24864
0.624909
0.408677
0.540776
0.756898
1.2755
1.19742
0.897362
0.441355
1.0037
0.139134
0.480852
0.350817
1.32339
0.687578
0.453985
0.737965
0.571084
1.43643
0.595234
1.16835
0.644155
1.59172
0.698301
0.52273
1.24965
1.2187
0.666052
1.76372
-0.404076
0.383394
0.952872
0.490241
1.23866
0.94896
0.676854
1.03148
0.513527
1.35409
1.21227
0.966804
1.33018
1.55255
0.799479
0.773951
1.51728
1.13477
0.759952
1.03283
1.29596
0.874084
1.20797
0.598974
1.26775
0.120009
0.325903
0.233695
1.10915
2.03886
0.543215
0.850892
1.26411
1.05496
0.252321
0.610535
0.610213
0.710667
1.2445
1.04657
1.24549
0.399253
1.90312
1.03481
0.227898
0.993755
1.39652
1.16856
0.898879
0.452897
0.531942
0.508897
1.13418
0.675206
0.880111
0.79991
1.19503
0.265596
0.136326
0.630374
0.807785
0.66897
0.935444
1.01532
1.33192
1.27094
0.64276
0.337551
1.25281
1.20333
0.763694
0.826107
0.187047
0.996271
0.668805
0.209209
0.932096
0.751319
0.917526
1.60481
1.20362
0.803174
1.44547
1.17056
0.952778
1.10942
1.40473
1.80292
0.651981
0.51637
0.854164
2.0079
0.687594
1.90568
0.577246
0.600034
1.018
0.249393
1.06605
0.841872
0.903769
-0.170465
0.738887
1.25302
0.64464
1.27183
0.654015
0.860286
1.65528
0.685456
0.307724
1.2743
0.630352
0.521042
1.69566
0.806604
1.19383
1.08597
0.225829
0.159191
1.7723
0.682261
1.11715
0.548108
0.772763
0.104198
2.16072
0.186746
0.982862
1.41882
0.173506
0.941235
1.09285
0.9398
1.01823
1.63355
0.728628
0.630105
1.0355
1.25282
0.563216
0.890204
0.312886
0.949638
1.95628
1.69876
0.925478
0.474952
0.409101
0.827352
0.558317
0.77108
1.38057
0.776892
1.02231
1.31142
1.02759
0.942593
0.941213
0.88239
1.27515
0.780564
0.435144
0.767022
1.01496
1.50708
1.15053
0.249964
1.04718
1.11451
1.44586
1.50241
2.13576
1.00941
1.0157
0.426319
1.24851
1.66465
1.04829
1.1378
1.65149
0.00764282
1.18406
1.90883
0.506692
0.303244
0.588461
0.932641
1.27328
0.919742
0.987597
1.14533
0.200817
1.19688
1.06557
0.844539
0.917356
0.555105
0.850185
1.19038
1.38627
0.505378
1.47962
1.60456
1.38359
0.898878
0.563899
1.22731
1.21474
1.3101
0.913323
0.783595
1.79987
1.64601
1.71382
1.0705
1.86481
1.11881
0.737382
0.0790141
1.41641
1.10498
1.18028
0.797441
0.640445
0.707695
0.872891
0.630651
1.06875
0.941492
0.87307
0.882293
1.97931
0.636398
0.251234
1.15201
1.30182
1.05674
0.721345
1.38647
1.82653
1.75656
0.995137
0.251872
1.19591
0.296135
1.33243
1.65708
0.593339
0.933236
0.73956
1.27834
0.899211
1.13437
0.754127
0.901917
0.662929
1.14297
1.10645
1.10297
0.942056
0.885729
0.359862
0.956581
1.14517
0.078533
0.51039
1.1337
0.736674
1.73163
0.178482
0.471753
0.84722
0.561715
0.91139
1.06467
0.373026
0.514303
0.612
0.293214
1.61668
0.531887
1.10641
1.22971
0.983296
0.566126
1.15948
0.968468
0.734632
1.96579
1.39984
0.739879
0.960977
0.927766
0.23641
1.35074
1.7527
1.25695
0.858284
1.83273
0.591756
0.684305
1.2576
1.44239
1.40773
0.754738
1.02922
1.29509
0.74112
1.48309
0.642445
0.983802
0.586856
0.465077
1.19924
0.217249
1.38067
1.24336
1.71336
0.326697
0.84212
0.950412
1.12977
1.17253
1.07239
0.244456
1.15009
0.712918
0.109638
0.960589
0.87284
0.722374
1.22887
1.32674
1.50949
0.0850741
1.00757
1.01917
0.425248
0.224758
0.402513
0.0676433
1.1104
0.778054
0.50338
0.332005
0.262576
0.600138
1.0792
0.77844
0.540401
0.44861
0.821751
1.20951
1.40116
0.870317
0.568013
0.829738
0.767226
0.310629
1.02368
0.449074
1.67317
0.71946
0.817458
1.0251
1.18532
0.798933
1.4933
0.821383
0.904129
1.22642
1.09937
0.787277
1.44969
0.959732
1.08183
0.788875
0.898726
0.139441
1.55397
0.501117
1.68496
1.41997
1.08115
1.17636
0.796666
0.639
1.52038
1.28536
0.465707
1.28797
1.32334
1.44414
0.466282
1.242
1.04398
1.2366
0.504474
0.906709
0.753221
1.15734
0.843656
1.67097
0.947233
1.05033
1.44005
1.37501
1.17525
0.380013
0.957871
0.67494
1.76955
0.832248
1.294
1.25778
0.603902
0.528296
0.0633017
1.13317
0.998482
0.467179
0.665532
1.1523
0.396793
0.15521
0.473977
1.68303
1.72776
0.567435
1.35926
0.783616
0.714636
0.110213
0.0415338
1.13625
0.511044
0.571047
0.532109
1.2799
0.358053
1.11639
0.421227
1.00798
1.25563
0.725192
0.89127
0.565494
1.13367
1.51885
1.44328
1.50541
0.750702
1.22036
0.902526
1.40755
0.0356366
0.976181
1.82068
0.882311
1.12879
-0.00692926
1.02612
0.444
1.0144
1.46967
1.11765
1.25925
1.40237
0.776759
0.467929
1.93587
1.02483
0.0421746
2.16069
1.62024
1.45207
0.755877
0.880527
1.47464
1.46292
1.17024
0.741181
1.35308
0.772187
-0.0539156
0.754913
0.4653
1.06007
1.11817
0.620123
0.997328
1.20302
1.49436
1.709
0.305449
0.931022
1.064
1.08402
0.680521
0.327396
1.01651
1.43837
0.858164
0.804357
-0.130702
1.29621
0.829986
0.191775
1.96419
1.20527
1.09539
0.755399
1.38776
1.55731
1.34293
0.858261
0.109953
0.877012
0.454137
0.436452
0.567703
1.34456
1.24228
1.06712
1.49702
0.863149
0.537144
1.34315
0.819698
0.312882
1.16078
1.39013
0.933804
0.276577
0.222519
0.291992
1.06342
1.77629
0.676049
0.48344
0.69825
0.824033
0.592175
0.0147141
0.284956
0.399495
0.569014
-0.348037
1.04669
0.896567
0.315763
1.67402
1.24371
0.988949
1.12864
0.700281
0.744298
0.802875
1.15525
0.180244
1.16761
1.48677
0.779248
1.29549
0.164547
0.414043
0.532136
1.15713
1.21142
1.18802
0.435935
0.819618
1.25578
0.731861
0.572685
1.51291
0.415213
0.928001
0.53707
0.510913
0.109215
0.850123
1.10786
1.35146
0.78022
0.270316
1.43428
1.46643
0.302094
0.506101
0.901796
0.934835
1.62934
0.816557
1.03508
0.655514
0.307189
1.07748
0.771655
1.53637
1.50245
0.885216
0.862694
0.981692
0.937183
1.14709
0.885066
0.905949
0.280337
0.432736
0.17945
