0.960125
0.365479
-0.545189
0.2738
-0.402653
0.124713
0.452565
-0.0448847
0.0509128
-0.289748
0.7675
-0.442627
0.58306
-0.801816
0.0714286
0.519104
0.229323
-0.177222
-0.205765
0.010886
0.240144
0.703107
0.0974856
0.181457
-0.236983
0.80252
0.265862
0.635593
0.776259
-0.282533
0.73175
-0.498411
0.394762
-0.0398206
0.198617
0.0651201
-0.0357909
-0.470272
-0.275909
0.352799
-0.0509963
0.507528
0.653837
0.217267
-0.639504
-0.127049
0.0182558
0.456741
0.230224
0.641387
-0.205088
0.358205
-0.0114535
-0.0117517
0.719005
0.202513
-0.312606
-0.0834413
0.125243
-0.10439
0.227046
-0.181283
0.0887641
0.567454
-0.0708557
0.148126
-0.00567424
0.184513
-0.370375
0.023567
0.11971
-0.670369
-0.277652
-0.972295
0.92418
-0.150221
0.0747089
0.0439493
0.011697
1.12855
-0.177038
-0.101864
0.223931
0.332023
0.498418
0.13928
0.602403
0.206476
0.214732
0.186451
1.06479
-0.139542
-0.451433
-0.193207
0.138712
-0.395883
0.948566
0.0879372
0.127756
0.110353
0.0290251
-0.749232
-0.276727
0.646325
0.413167
0.687995
0.121579
-0.312374
0.407366
-0.552193
0.375448
0.256175
-0.342813
0.096956
0.0837984
-0.336642
0.0131647
-0.0216674
0.0233784
-0.351549
-0.249295
-0.22267
0.19749
0.00108284
-0.00071607
0.0414323
-0.530016
0.524633
0.313888
0.182915
0.940531
-0.288605
0.647403
0.540181
0.314459
-0.180411
0.280552
-0.613924
0.276496
0.207444
0.151559
-0.182647
0.464871
0.358491
-0.294985
0.907561
0.136307
-0.343275
-0.171009
0.261649
-0.0316207
0.829105
0.319061
0.487643
0.0390952
0.453831
0.42964
0.642946
0.18158
0.390377
0.094912
-0.330729
1.14441
0.151472
0.0852206
-0.57592
0.209925
-0.147965
0.00770708
0.092375
-0.550982
-0.502872
0.143366
0.0831301
-0.14433
0.589236
0.301226
-0.0854192
0.349014
0.0770195
0.613988
0.348749
0.408808
-0.0474937
0.52877
-0.345434
0.173718
0.210633
-0.428587
0.886251
-0.178742
-0.573548
-0.043021
0.160101
0.62707
0.158847
0.0918348
0.328022
0.431518
0.0833969
