0.697368
0.0497669
0.752359
0.636683
0.351573
-0.265674
0.475554
-0.800668
0.240577
0.441532
0.432739
0.904358
-0.329172
1.12338
-0.248246
0.298785
1.97127
0.359523
0.279014
0.332289
-0.845339
0.230598
1.46601
1.71853
0.192969
0.50927
0.546538
0.640509
1.15279
1.25845
-0.141525
0.448483
-0.772899
-0.261284
-0.552122
-0.785752
1.05324
1.28521
0.469043
0.845099
0.761947
1.44926
1.18116
0.988597
0.656043
0.985165
1.16362
0.725452
0.735677
1.27311
-0.0871065
0.745535
0.73868
1.23343
0.768507
1.42284
0.231385
0.119123
1.25222
-0.144707
-0.434738
0.373727
-0.457338
-0.506412
-0.0732058
0.80601
0.218119
-0.0973622
0.963418
0.140137
1.82333
-0.524859
0.821506
0.215782
0.339417
0.716684
0.762702
0.776656
0.617473
0.11317
-0.0115178
0.129259
0.30445
1.32008
1.81289
0.839728
0.705973
-0.359386
0.85785
-0.372754
-0.472944
-0.310052
1.49975
1.5876
-0.151053
0.545764
-0.256106
0.0202835
0.638928
0.60932
