1.68123
1.64678
1.32095
1.36671
1.75985
1.72181
1.26224
1.98022
2.06745
1.68196
1.40505
1.6539
1.21395
1.57253
0.759206
1.57528
1.33538
1.612
0.873982
1.56603
1.54797
2.22799
1.77397
1.91465
1.87823
0.886909
1.48051
0.963939
1.30375
1.55851
1.50613
2.0527
1.07347
1.00274
1.13041
1.16796
1.3468
1.65672
1.90663
1.462
1.01583
1.30687
1.40233
1.53547
0.870085
0.91619
1.69972
1.68649
1.85483
1.69352
1.90251
1.39374
2.19047
1.53663
1.52772
1.41076
1.38464
1.81287
1.76585
1.03104
1.45903
1.17239
1.45183
1.58739
1.47342
1.86252
1.52351
1.9592
1.44717
1.28764
1.72892
1.49998
1.37088
0.86731
1.15483
1.79387
1.11426
1.24424
1.58965
1.5407
2.06175
1.14116
1.87661
1.47868
1.59258
1.48852
1.79852
1.96178
1.16096
1.17004
1.41993
1.27762
1.64
1.08152
2.19592
1.27728
1.23873
1.07406
1.4026
1.69201
1.96269
1.81307
1.70211
2.10271
1.07099
1.83775
1.0002
1.36901
1.70471
1.50859
1.3091
1.5305
2.59573
1.57319
1.21891
1.10064
1.47863
1.92485
1.80327
1.59999
2.02854
2.00269
1.63366
1.78623
1.59745
1.46984
1.22305
1.20671
1.89299
0.872865
0.981102
0.998276
1.59632
1.36655
1.7513
1.26638
1.07012
1.8371
0.878954
1.44108
1.27849
1.93464
1.52056
1.76309
1.76814
1.71471
1.73411
1.56501
1.82125
1.54057
1.93836
1.3611
1.49256
0.969811
2.02391
1.33703
1.28713
1.66723
2.10168
1.40913
1.22707
1.34801
1.55247
1.71784
1.61833
1.69415
1.54
1.47688
1.44626
1.27103
1.38203
1.76034
0.912376
1.30469
1.0654
1.27691
1.90263
1.96037
1.27299
1.2427
1.44827
1.35756
1.11849
2.10542
1.02659
1.45498
1.85176
1.92035
1.42232
1.63959
1.77088
1.77172
1.49411
1.90694
1.09766
1.49789
1.65896
1.12758
0.965146
1.90867
