-0.65665
-1.03497
-0.850626
-0.735918
-1.04502
-0.399619
-0.683072
-1.03712
-0.530385
-0.431088
-0.861731
-0.407757
-0.718091
-0.926116
-1.09911
-0.734288
-0.460645
-0.788482
-0.347593
-0.416238
-0.353646
-1.01335
-0.355231
-0.723432
-0.800921
-0.491129
-0.791698
-0.426229
-1.10164
-0.455352
-0.691202
-0.807419
-0.86473
-0.141134
-0.736794
-0.905324
-1.07823
-0.995501
-0.643112
-0.55219
-0.491438
-0.928458
-0.665209
-0.631977
-0.369461
-1.05373
-0.757553
-0.584277
-0.568384
-0.584708
-0.991779
-0.562607
-0.497846
-0.693374
-1.17688
-0.509651
-0.481299
-0.765453
-0.493991
-0.511616
-0.527525
-0.925487
-0.751939
-0.686628
-0.709404
-0.840977
-0.215312
-0.17823
-0.617593
-0.284958
-0.363447
-0.520697
-0.840492
-0.52314
-0.797351
-0.480279
-0.975178
-0.733576
-1.09104
-0.895439
-0.877263
-0.0405413
-0.556677
-0.683107
-0.903556
-0.663523
-0.581702
-0.763268
-0.63373
-0.60871
-0.62991
-0.601762
-1.1589
-0.504265
-0.711396
-0.170871
-0.871558
-0.0244373
-1.47167
-0.441561
-0.327451
-1.2108
-0.92987
-0.857125
-0.892594
-0.666921
-1.06913
-0.581192
-0.860156
-0.670191
-0.178224
-1.1567
-0.718096
-0.754813
-0.47614
-0.961965
-0.281181
-0.981384
-1.01193
-0.665363
-0.374944
-1.03253
-0.373658
-0.839302
0.184588
-0.576619
-0.816882
-0.79305
-0.591549
-0.604136
-0.454955
-0.127299
-0.59722
-0.549652
-0.491795
-0.336556
-0.394078
-0.524615
-0.7281
-1.17566
-0.677912
-0.773018
-0.417329
-0.21303
-0.965961
-0.339135
-0.609526
-0.577503
-0.622114
-0.604646
-0.697756
-0.417809
-0.619931
-0.431026
-0.630644
-0.217459
-0.849162
-0.779441
-0.302219
-0.391768
-0.255197
-1.16258
-0.661206
-0.490178
-0.539794
-0.601328
-0.841159
-0.74049
-0.370334
-0.121435
-0.721058
-0.311818
-0.913935
-0.865164
-0.424137
-0.497252
-0.500048
-0.164816
-1.03607
-0.813091
-0.300999
-0.158858
-0.453809
-0.632291
-0.901465
-0.524013
-0.399818
-0.490994
-0.58809
-0.0425778
-0.270683
-0.316723
-0.930963
-0.691316
-0.596653
-0.847779
-0.832028
-0.9055
-1.53232
-0.828937
